1
278
237
514
196
473
155
432
114
391
73
32
309
268
227
504
186
422
104
381
63
340
22
299
217
494
176
453
135
412
94
371
330
12
289
248
207
484
443
125
402
84
361
43
320
2
279
238
197
474
156
433
115
392
74
351
33
269
228
505
187
464
146
105
382
64
341
23
300
259
495
177
454
136
413
95
372
54
290
249
208
485
167
444
403
85
362
44
321
3
280
239
516
198
157
434
116
393
75
352
311
270
229
506
188
465
147
424
106
65
342
24
301
260
219
455
137
414
96
373
55
332
14
250
209
486
168
445
127
363
45
322
4
281
240
476
158
435
117
394
76
353
35
312
271
230
507
189
466
148
425
107
384
66
25
302
261
220
497
179
138
415
97
374
56
333
15
292
210
487
169
446
128
405
87
323
5
282
241
200
477
436
118
395
77
354
36
313
231
508
190
467
149
426
108
385
344
26
303
262
221
498
180
457
139
98
375
57
334
16
293
252
488
170
447
129
406
88
365
47
6
283
242
201
478
160
396
78
355
37
314
273
509
191
468
150
427
109
386
68
345
304
263
222
499
181
458
417
99
376
58
335
17
294
253
212
171
448
130
407
89
366
48
325
7
243
202
479
161
438
120
356
38
315
274
233
469
151
428
110
387
69
346
28
264
223
500
182
459
141
418
377
59
336
18
295
254
213
490
172
131
408
90
367
49
326
8
285
244
203
480
162
439
121
398
80
39
316
275
234
511
193
429
111
388
70
347
29
306
224
501
183
460
142
419
101
378
337
19
296
255
214
491
450
132
409
91
368
50
327
9
286
245
204
481
163
440
122
399
81
358
40
276
235
512
194
471
153
112
389
71
348
30
307
266
502
184
461
143
420
102
379
61
297
256
215
492
174
451
410
92
369
51
328
10
287
246
205
164
441
123
400
82
359
318
277
236
513
195
472
154
431
113
72
349
31
308
267
226
462
144
421
103
380
62
339
21
257
216
493
175
452
134
370
52
329
11
288
247
483
165
442
124
401
83
360
42
319
278
237
514
196
473
155
432
114
391
73
32
309
268
227
504
186
145
422
104
381
63
340
22
299
217
494
176
453
135
412
94
330
12
289
248
207
484
443
125
402
84
361
43
320
2
238
515
197
474
156
433
115
392
351
33
310
269
228
505
187
464
146
105
382
64
341
23
300
259
495
177
454
136
413
95
372
54
13
290
249
208
485
167
403
85
362
44
321
3
280
516
198
475
157
434
116
393
75
352
311
270
229
506
188
465
424
106
383
65
342
24
301
260
219
178
455
137
414
96
373
55
332
14
250
209
486
168
445
127
363
45
322
4
281
240
476
158
435
117
394
76
353
35
271
230
507
189
466
148
425
384
66
343
25
302
261
220
497
179
138
415
97
374
56
333
15
292
251
210
487
169
446
128
405
87
46
323
5
282
241
200
436
118
395
77
354
36
313
231
508
190
467
149
426
108
385
344
26
303
262
221
498
457
139
416
98
375
57
334
16
293
252
211
488
170
447
129
406
88
365
47
6
283
242
201
478
160
119
396
78
355
37
314
273
509
191
468
150
427
109
386
68
304
263
222
499
181
458
417
99
376
58
335
17
294
253
212
171
448
130
407
89
366
325
7
284
243
202
479
161
438
120
79
356
38
315
274
233
469
151
428
110
387
69
346
28
264
223
500
182
459
141
377
59
336
18
295
254
490
172
449
131
408
90
367
49
326
285
244
203
480
162
439
121
398
80
39
316
275
234
511
193
152
429
111
388
70
347
29
306
224
501
183
460
142
419
101
337
19
296
255
214
491
450
132
409
91
368
50
327
9
245
204
481
163
440
122
399
358
40
317
276
235
512
194
471
153
112
389
71
348
30
307
266
502
184
461
143
420
102
379
61
20
297
256
215
492
174
410
92
369
51
328
10
287
205
482
164
441
123
400
82
359
318
277
236
513
195
472
431
113
390
72
349
31
308
267
226
185
462
144
421
103
380
62
339
21
257
216
493
175
452
134
370
52
329
11
288
247
483
165
442
124
401
83
360
42
278
237
514
196
473
155
432
391
73
350
32
309
268
227
504
186
145
422
104
381
63
340
22
299
258
217
494
176
453
135
412
94
53
330
12
289
248
207
443
125
402
84
361
43
320
2
238
515
197
474
156
433
115
392
351
33
310
269
228
505
464
146
423
105
382
64
341
23
300
259
218
495
177
454
136
413
95
372
54
13
290
249
208
485
167
126
403
85
362
44
321
3
280
516
198
475
157
434
116
393
75
311
270
229
506
188
465
424
106
383
65
342
24
301
260
219
178
455
137
414
96
373
332
14
291
250
209
486
168
445
127
86
363
45
322
4
281
240
476
158
435
117
394
76
353
35
271
230
507
189
466
148
384
66
343
25
302
261
497
179
456
138
415
97
374
56
333
292
251
210
487
169
446
128
405
87
46
323
5
282
241
200
159
436
118
395
77
354
36
313
231
508
190
467
149
426
108
344
26
303
262
221
498
457
139
416
98
375
57
334
16
252
211
488
170
447
129
406
365
47
324
6
283
242
201
478
160
119
396
78
355
37
314
273
509
191
468
150
427
109
386
68
27
304
263
222
499
181
417
99
376
58
335
17
294
212
489
171
448
130
407
89
366
325
7
284
243
202
479
438
120
397
79
356
38
315
274
233
192
469
151
428
110
387
69
346
28
264
223
500
182
459
141
377
59
336
18
295
254
490
172
449
131
408
90
367
49
285
244
203
480
162
439
398
80
357
39
316
275
234
511
193
152
429
111
388
70
347
29
306
265
224
501
183
460
142
419
101
60
337
19
296
255
214
450
132
409
91
368
50
327
9
245
204
481
163
440
122
399
358
40
317
276
235
512
471
153
430
112
389
71
348
30
307
266
225
502
184
461
143
420
102
379
61
20
297
256
215
492
174
133
410
92
369
51
328
10
287
205
482
164
441
123
400
82
318
277
236
513
195
472
431
113
390
72
349
31
308
267
226
185
462
144
421
103
380
339
21
298
257
216
493
175
452
134
93
370
52
329
11
288
247
483
165
442
124
401
83
360
42
278
237
514
196
473
155
391
73
350
32
309
268
504
186
463
145
422
104
381
63
340
299
258
217
494
176
453
135
412
94
53
330
12
289
248
207
166
443
125
402
84
361
43
320
2
238
515
197
474
156
433
115
351
33
310
269
228
505
464
146
423
105
382
64
341
23
259
218
495
177
454
136
413
372
54
331
13
290
249
208
485
167
126
403
85
362
44
321
3
280
516
198
475
157
434
116
393
75
34
311
270
229
506
188
424
106
383
65
342
24
301
219
496
178
455
137
414
96
373
332
14
291
250
209
486
445
127
404
86
363
45
322
4
281
240
199
476
158
435
117
394
76
353
35
271
230
507
189
466
148
384
66
343
25
302
261
497
179
456
138
415
97
374
56
292
251
210
487
169
446
405
87
364
46
323
5
282
241
200
159
436
118
395
77
354
36
313
272
231
508
190
467
149
426
108
67
344
26
303
262
221
457
139
416
98
375
57
334
16
252
211
488
170
447
129
406
365
47
324
6
283
242
478
160
437
119
396
78
355
37
314
273
232
509
191
468
150
427
109
386
68
27
304
263
222
499
181
140
417
99
376
58
335
17
294
212
489
171
448
130
407
89
325
7
284
243
202
479
438
120
397
79
356
38
315
274
233
192
469
151
428
110
387
346
28
305
264
223
500
182
459
141
100
377
59
336
18
295
254
490
172
449
131
408
90
367
49
285
244
203
480
162
398
80
357
39
316
275
511
193
470
152
429
111
388
70
347
306
265
224
501
183
460
142
419
101
60
337
19
296
255
214
173
450
132
409
91
368
50
327
9
245
204
481
163
440
122
358
40
317
276
235
512
471
153
430
112
389
71
348
30
266
225
502
184
461
143
420
379
61
338
20
297
256
215
492
174
133
410
92
369
51
328
10
287
205
482
164
441
123
400
82
41
318
277
236
513
195
431
113
390
72
349
31
308
226
503
185
462
144
421
103
380
339
21
298
257
216
493
452
134
411
93
370
52
329
11
288
247
206
483
165
442
124
401
83
360
42
1
278
237
514
196
473
155
391
73
350
32
309
268
504
186
463
145
422
104
381
63
299
258
217
494
176
453
412
94
371
53
330
12
289
248
207
166
443
125
402
84
361
43
320
2
279
238
515
197
474
156
433
115
74
351
33
310
269
228
464
146
423
105
382
64
341
23
259
218
495
177
454
136
413
372
54
331
13
290
249
485
167
444
126
403
85
362
44
321
280
239
516
198
475
157
434
116
393
75
34
311
270
229
506
188
147
424
106
383
65
342
24
301
219
496
178
455
137
414
96
332
14
291
250
209
486
445
127
404
86
363
45
322
4
281
240
199
476
158
435
117
394
353
35
312
271
230
507
189
466
148
107
384
66
343
25
302
261
497
179
456
138
415
97
374
56
292
251
210
487
169
405
87
364
46
323
5
282
200
477
159
436
118
395
77
354
313
272
231
508
190
467
149
426
108
67
344
26
303
262
221
180
457
139
416
98
375
57
334
16
252
211
488
170
447
129
365
47
324
6
283
242
478
160
437
119
396
78
355
37
273
232
509
191
468
150
427
386
68
345
27
304
263
222
499
181
140
417
99
376
58
335
17
294
212
489
171
448
130
407
89
48
325
7
284
243
202
438
120
397
79
356
38
315
233
510
192
469
151
428
110
387
346
28
305
264
223
500
459
141
418
100
377
59
336
18
295
254
213
490
172
449
131
408
90
367
49
8
285
244
203
480
162
398
80
357
39
316
275
511
193
470
152
429
111
388
70
306
265
224
501
183
460
419
101
378
60
337
19
296
255
214
173
450
132
409
91
368
50
327
9
286
245
204
481
163
440
122
81
358
40
317
276
235
471
153
430
112
389
71
348
30
266
225
502
184
461
143
420
379
61
338
20
297
256
492
174
451
133
410
92
369
51
328
287
246
205
482
164
441
123
400
82
41
318
277
236
513
195
154
431
113
390
72
349
31
308
226
503
185
462
144
421
103
339
21
298
257
216
493
452
134
411
93
370
52
329
11
288
247
206
483
165
442
124
401
360
42
319
1
278
237
514
196
473
155
114
391
73
350
32
309
268
504
186
463
145
422
104
381
63
299
258
217
494
176
412
94
371
53
330
12
289
207
484
166
443
125
402
84
361
320
2
279
238
515
197
474
156
433
115
74
351
33
310
269
228
187
464
146
423
105
382
64
341
23
259
218
495
177
454
136
372
54
331
13
290
249
485
167
444
126
403
85
362
44
280
239
516
198
475
157
434
393
75
352
34
311
270
229
506
188
147
424
106
383
65
342
24
301
219
496
178
455
137
414
96
55
332
14
291
250
209
445
127
404
86
363
45
322
4
240
199
476
158
435
117
394
353
35
312
271
230
507
466
148
425
107
384
66
343
25
302
261
220
497
179
456
138
415
97
374
56
15
292
251
210
487
169
405
87
364
46
323
5
282
200
477
159
436
118
395
77
313
272
231
508
190
467
426
108
385
67
344
26
303
262
221
180
457
139
416
98
375
57
334
16
293
252
211
488
170
447
129
88
365
47
324
6
283
242
478
160
437
119
396
78
355
37
273
232
509
191
468
150
427
386
68
345
27
304
263
499
181
458
140
417
99
376
58
335
294
253
212
489
171
448
130
407
89
48
325
7
284
243
202
161
438
120
397
79
356
38
315
233
510
192
469
151
428
110
346
28
305
264
223
500
459
141
418
100
377
59
336
18
295
254
213
490
172
449
131
408
367
49
326
8
285
244
203
480
162
121
398
80
357
39
316
275
511
193
470
152
429
111
388
70
306
265
224
501
183
419
101
378
60
337
19
296
214
491
173
450
132
409
91
368
327
9
286
245
204
481
163
440
122
81
358
40
317
276
235
194
471
153
430
112
389
71
348
30
266
225
502
184
461
143
379
61
338
20
297
256
492
174
451
133
410
92
369
51
287
246
205
482
164
441
400
82
359
41
318
277
236
513
195
154
431
113
390
72
349
31
308
226
503
185
462
144
421
103
62
339
21
298
257
216
452
134
411
93
370
52
329
11
247
206
483
165
442
124
401
360
42
319
1
278
237
514
473
155
432
114
391
73
350
32
309
268
227
504
186
463
145
422
104
381
63
22
299
258
217
494
176
412
94
371
53
330
12
289
207
484
166
443
125
402
84
320
2
279
238
515
197
474
433
115
392
74
351
33
310
269
228
187
464
146
423
105
382
64
341
23
300
259
218
495
177
454
136
95
372
54
331
13
290
249
485
167
444
126
403
85
362
44
280
239
516
198
475
157
434
393
75
352
34
311
270
506
188
465
147
424
106
383
65
342
301
260
219
496
178
455
137
414
96
55
332
14
291
250
209
168
445
127
404
86
363
45
322
4
240
199
476
158
435
117
353
35
312
271
230
507
466
148
425
107
384
66
343
25
302
261
220
497
179
456
138
415
374
56
333
15
292
251
210
487
169
128
405
87
364
46
323
5
282
200
477
159
436
118
395
77
313
272
231
508
190
426
108
385
67
344
26
303
221
498
180
457
139
416
98
375
334
16
293
252
211
488
170
447
129
88
365
47
324
6
283
242
201
478
160
437
119
396
78
355
37
273
232
509
191
468
150
386
68
345
27
304
263
499
181
458
140
417
99
376
58
294
253
212
489
171
448
407
89
366
48
325
7
284
243
202
161
438
120
397
79
356
38
315
233
510
192
469
151
428
110
69
346
28
305
264
223
459
141
418
100
377
59
336
18
254
213
490
172
449
131
408
367
49
326
8
285
244
480
162
439
121
398
80
357
39
316
275
234
511
193
470
152
429
111
388
70
29
306
265
224
501
183
419
101
378
60
337
19
296
214
491
173
450
132
409
91
327
9
286
245
204
481
440
122
399
81
358
40
317
276
235
194
471
153
430
112
389
71
348
30
307
266
225
502
184
461
143
102
379
61
338
20
297
256
492
174
451
133
410
92
369
51
287
246
205
482
164
441
400
82
359
41
318
277
513
195
472
154
431
113
390
72
349
308
267
226
503
185
462
144
421
103
62
339
21
298
257
216
175
452
134
411
93
370
52
329
11
247
206
483
165
442
124
360
42
319
1
278
237
514
473
155
432
114
391
73
350
32
309
268
227
504
186
463
145
422
381
63
340
22
299
258
217
494
176
135
412
94
371
53
330
12
289
207
484
166
443
125
402
84
320
2
279
238
515
197
433
115
392
74
351
33
310
228
505
187
464
146
423
105
382
341
23
300
259
218
495
177
454
136
95
372
54
331
13
290
249
208
485
167
444
126
403
85
362
44
3
280
239
516
198
475
157
393
75
352
34
311
270
506
188
465
147
424
106
383
65
301
260
219
496
178
455
414
96
373
55
332
14
291
250
209
168
445
127
404
86
363
45
322
4
240
199
476
158
435
117
76
353
35
312
271
230
466
148
425
107
384
66
343
25
261
220
497
179
456
138
415
374
56
333
15
292
251
487
169
446
128
405
87
364
46
323
282
241
200
477
159
436
118
395
77
36
313
272
231
508
190
426
108
385
67
344
26
303
221
498
180
457
139
416
98
334
16
293
252
211
488
447
129
406
88
365
47
324
6
283
242
201
478
160
437
119
396
78
355
37
314
273
232
509
191
468
150
109
386
68
345
27
304
263
499
181
458
140
417
99
376
58
294
253
212
489
171
448
407
89
366
48
325
7
284
202
479
161
438
120
397
79
356
315
274
233
510
192
469
151
428
110
69
346
28
305
264
223
182
459
141
418
100
377
59
336
18
254
213
490
172
449
131
367
49
326
8
285
244
480
162
439
121
398
80
357
39
316
275
234
511
193
470
152
429
388
70
347
29
306
265
224
501
183
142
419
101
378
60
337
19
296
214
491
173
450
132
409
91
327
9
286
245
204
440
122
399
81
358
40
317
235
512
194
471
153
430
112
389
348
30
307
266
225
502
184
461
143
102
379
61
338
20
297
256
215
492
174
451
133
410
92
369
51
10
287
246
205
482
164
400
82
359
41
318
277
513
195
472
154
431
113
390
72
308
267
226
503
185
462
421
103
380
62
339
21
298
257
216
175
452
134
411
93
370
52
329
11
247
206
483
165
442
124
83
360
42
319
1
278
237
473
155
432
114
391
73
350
32
268
227
504
186
463
145
422
381
63
340
22
299
258
494
176
453
135
412
94
371
53
330
289
248
207
484
166
443
125
402
84
43
320
2
279
238
515
197
433
115
392
74
351
33
310
228
505
187
464
146
423
105
341
23
300
259
218
495
454
136
413
95
372
54
331
13
290
249
208
485
167
444
126
403
85
362
44
321
3
280
239
516
198
475
157
116
393
75
352
34
311
270
506
188
465
147
424
106
383
65
301
260
219
496
178
455
414
96
373
55
332
14
291
209
486
168
445
127
404
86
363
322
4
281
240
199
476
158
435
117
76
353
35
312
271
230
189
466
148
425
107
384
66
343
25
261
220
497
179
456
138
374
56
333
15
292
251
487
169
446
128
405
87
364
46
323
282
241
200
477
159
436
395
77
354
36
313
272
231
508
190
149
426
108
385
67
344
26
303
221
498
180
457
139
416
98
334
16
293
252
211
447
129
406
88
365
47
324
6
242
201
478
160
437
119
396
355
37
314
273
232
509
191
468
150
109
386
68
345
27
304
263
222
499
181
458
140
417
99
376
58
17
294
253
212
489
171
407
89
366
48
325
7
284
202
479
161
438
120
397
79
315
274
233
510
192
469
428
110
387
69
346
28
305
264
223
182
459
141
418
100
377
59
336
18
254
213
490
172
449
131
90
367
49
326
8
285
244
480
162
439
121
398
80
357
39
275
234
511
193
470
152
429
388
70
347
29
306
265
501
183
460
142
419
101
378
60
337
296
255
214
491
173
450
132
409
91
50
327
9
286
245
204
440
122
399
81
358
40
317
235
512
194
471
153
430
112
348
30
307
266
225
502
461
143
420
102
379
61
338
20
297
256
215
492
174
451
133
410
92
369
51
328
10
287
246
205
482
164
123
400
82
359
41
318
277
513
195
472
154
431
113
390
72
308
267
226
503
185
462
421
103
380
62
339
21
298
216
493
175
452
134
411
93
370
329
11
288
247
206
483
165
442
124
83
360
42
319
1
278
237
196
473
155
432
114
391
73
350
32
268
227
504
186
463
145
381
63
340
22
299
258
494
176
453
135
412
94
371
53
330
289
248
207
484
166
443
402
84
361
43
320
2
279
238
515
197
156
433
115
392
74
351
33
310
228
505
187
464
146
423
105
341
23
300
259
218
454
136
413
95
372
54
331
13
249
208
485
167
444
126
403
362
44
321
3
280
239
516
198
475
157
116
393
75
352
34
311
270
229
506
188
465
147
424
106
383
65
24
301
260
219
496
178
414
96
373
55
332
14
291
209
486
168
445
127
404
86
322
4
281
240
199
476
435
117
394
76
353
35
312
271
230
189
466
148
425
107
384
66
343
25
261
220
497
179
456
138
97
374
56
333
15
292
251
487
169
446
128
405
87
364
46
282
241
200
477
159
436
395
77
354
36
313
272
508
190
467
149
426
108
385
67
344
303
262
221
498
180
457
139
416
98
57
334
16
293
252
211
447
129
406
88
365
47
324
6
242
201
478
160
437
119
355
37
314
273
232
509
468
150
427
109
386
68
345
27
304
263
222
499
181
458
140
417
99
376
58
335
17
294
253
212
489
171
130
407
89
366
48
325
7
284
202
479
161
438
120
397
79
315
274
233
510
192
469
428
110
387
69
346
28
305
223
500
182
459
141
418
100
377
336
18
295
254
213
490
172
449
131
90
367
49
326
8
285
244
203
480
162
439
121
398
80
357
39
275
234
511
193
470
152
388
70
347
29
306
265
501
183
460
142
419
101
378
60
337
296
255
214
491
173
450
409
91
368
50
327
9
286
245
204
163
440
122
399
81
358
40
317
235
512
194
471
153
430
112
348
30
307
266
225
461
143
420
102
379
61
338
20
256
215
492
174
451
133
410
369
51
328
10
287
246
205
482
164
123
400
82
359
41
318
277
236
513
195
472
154
431
113
390
72
31
308
267
226
503
185
421
103
380
62
339
21
298
216
493
175
452
134
411
93
329
11
288
247
206
483
442
124
401
83
360
42
319
1
278
237
196
473
155
432
114
391
73
350
32
268
227
504
186
463
145
104
381
63
340
22
299
258
494
176
453
135
412
94
371
53
289
248
207
484
166
443
402
84
361
43
320
2
279
515
197
474
156
433
115
392
74
351
310
269
228
505
187
464
146
423
105
64
341
23
300
259
218
454
136
413
95
372
54
331
13
249
208
485
167
444
126
362
44
321
3
280
239
516
475
157
434
116
393
75
352
34
311
270
229
506
188
465
147
424
106
383
65
342
24
301
260
219
496
178
137
414
96
373
55
332
14
291
209
486
168
445
127
404
86
322
4
281
240
199
476
435
117
394
76
353
35
312
230
507
189
466
148
425
107
384
343
25
302
261
220
497
179
456
138
97
374
56
333
15
292
251
210
487
169
446
128
405
87
364
46
5
282
241
200
477
159
395
77
354
36
313
272
508
190
467
149
426
108
385
67
344
303
262
221
498
180
457
416
98
375
57
334
16
293
252
211
170
447
129
406
88
365
47
324
6
242
201
478
160
437
119
355
37
314
273
232
468
150
427
109
386
68
345
27
263
222
499
181
458
140
417
376
58
335
17
294
253
212
489
171
130
407
89
366
48
325
284
243
202
479
161
438
120
397
79
38
315
274
233
510
192
428
110
387
69
346
28
305
223
500
182
459
141
418
100
336
18
295
254
213
490
449
131
408
90
367
49
326
8
285
244
203
480
162
439
121
398
80
357
39
275
234
511
193
470
152
111
388
70
347
29
306
265
501
183
460
142
419
101
378
60
296
255
214
491
173
450
409
91
368
50
327
9
286
204
481
163
440
122
399
81
358
317
276
235
512
194
471
153
430
112
71
348
30
307
266
225
461
143
420
102
379
61
338
20
256
215
492
174
451
133
369
51
328
10
287
246
482
164
441
123
400
82
359
41
318
277
236
513
195
472
154
431
113
390
72
349
31
308
267
226
503
185
144
421
103
380
62
339
21
298
216
493
175
452
134
411
93
329
11
288
247
206
483
442
124
401
83
360
42
319
1
237
514
196
473
155
432
114
391
350
32
309
268
227
504
186
463
145
104
381
63
340
22
299
258
217
494
176
453
135
412
94
371
53
12
289
248
207
484
166
402
84
361
43
320
2
279
515
197
474
156
433
115
392
74
351
310
269
228
505
187
464
423
105
382
64
341
23
300
259
218
177
454
136
413
95
372
54
331
13
249
208
485
167
444
126
362
44
321
3
280
239
475
157
434
116
393
75
352
34
270
229
506
188
465
147
424
383
65
342
24
301
260
219
496
178
137
414
96
373
55
332
291
250
209
486
168
445
127
404
86
45
322
4
281
240
199
435
117
394
76
353
35
312
230
507
189
466
148
425
107
343
25
302
261
220
497
456
138
415
97
374
56
333
15
292
251
210
487
169
446
128
405
87
364
46
5
282
241
200
477
159
118
395
77
354
36
313
272
508
190
467
149
426
108
385
67
303
262
221
498
180
457
416
98
375
57
334
16
293
211
488
170
447
129
406
88
365
324
6
283
242
201
478
160
437
119
78
355
37
314
273
232
468
150
427
109
386
68
345
27
263
222
499
181
458
140
376
58
335
17
294
253
489
171
448
130
407
89
366
48
325
284
243
202
479
161
438
120
397
79
356
38
315
274
233
510
192
151
428
110
387
69
346
28
305
223
500
182
459
141
418
100
336
18
295
254
213
490
449
131
408
90
367
49
326
8
244
203
480
162
439
121
398
357
39
316
275
234
511
193
470
152
111
388
70
347
29
306
265
224
501
183
460
142
419
101
378
60
19
296
255
214
491
173
409
91
368
50
327
9
286
204
481
163
440
122
399
81
358
317
276
235
512
194
471
430
112
389
71
348
30
307
266
225
184
461
143
420
102
379
61
338
20
256
215
492
174
451
133
369
51
328
10
287
246
482
164
441
123
400
82
359
41
277
236
513
195
472
154
431
390
72
349
31
308
267
226
503
185
144
421
103
380
62
339
298
257
216
493
175
452
134
411
93
52
329
11
288
247
206
442
124
401
83
360
42
319
1
237
514
196
473
155
432
114
350
32
309
268
227
504
463
145
422
104
381
63
340
22
299
258
217
494
176
453
135
412
94
371
53
12
289
248
207
484
166
125
402
84
361
43
320
2
279
515
197
474
156
433
115
392
74
310
269
228
505
187
464
423
105
382
64
341
23
300
218
495
177
454
136
413
95
372
331
13
290
249
208
485
167
444
126
85
362
44
321
3
280
239
475
157
434
116
393
75
352
34
270
229
506
188
465
147
383
65
342
24
301
260
496
178
455
137
414
96
373
55
332
291
250
209
486
168
445
127
404
86
363
45
322
4
281
240
199
158
435
117
394
76
353
35
312
230
507
189
466
148
425
107
343
25
302
261
220
497
456
138
415
97
374
56
333
15
251
210
487
169
446
128
405
364
46
323
5
282
241
200
477
159
118
395
77
354
36
313
272
231
508
190
467
149
426
108
385
67
26
303
262
221
498
180
416
98
375
57
334
16
293
211
488
170
447
129
406
88
365
324
6
283
242
201
478
437
119
396
78
355
37
314
273
232
191
468
150
427
109
386
68
345
27
263
222
499
181
458
140
376
58
335
17
294
253
489
171
448
130
407
89
366
48
284
243
202
479
161
438
397
79
356
38
315
274
233
510
192
151
428
110
387
69
346
305
264
223
500
182
459
141
418
100
59
336
18
295
254
213
449
131
408
90
367
49
326
8
244
203
480
162
439
121
357
39
316
275
234
511
470
152
429
111
388
70
347
29
306
265
224
501
183
460
142
419
101
378
60
19
296
255
214
491
173
132
409
91
368
50
327
9
286
204
481
163
440
122
399
81
317
276
235
512
194
471
430
112
389
71
348
30
307
225
502
184
461
143
420
102
379
338
20
297
256
215
492
174
451
133
92
369
51
328
10
287
246
482
164
441
123
400
82
359
41
277
236
513
195
472
154
390
72
349
31
308
267
503
185
462
144
421
103
380
62
339
298
257
216
493
175
452
134
411
93
370
52
329
11
288
247
206
165
442
124
401
83
360
42
319
1
237
514
196
473
155
432
114
350
32
309
268
227
504
463
145
422
104
381
63
340
22
258
217
494
176
453
135
412
371
53
330
12
289
248
207
484
166
125
402
84
361
43
320
2
279
238
515
197
474
156
433
115
392
74
33
310
269
228
505
187
423
105
382
64
341
23
300
218
495
177
454
136
413
95
372
331
13
290
249
208
485
444
126
403
85
362
44
321
3
280
239
198
475
157
434
116
393
75
352
34
270
229
506
188
465
147
383
65
342
24
301
260
496
178
455
137
414
96
373
55
291
250
209
486
168
445
404
86
363
45
322
4
281
240
199
158
435
117
394
76
353
312
271
230
507
189
466
148
425
107
66
343
25
302
261
220
456
138
415
97
374
56
333
15
251
210
487
169
446
128
364
46
323
5
282
241
477
159
436
118
395
77
354
36
313
272
231
508
190
467
149
426
108
385
67
26
303
262
221
498
180
139
416
98
375
57
334
16
293
211
488
170
447
129
406
88
324
6
283
242
201
478
437
119
396
78
355
37
314
232
509
191
468
150
427
109
386
345
27
304
263
222
499
181
458
140
99
376
58
335
17
294
253
489
171
448
130
407
89
366
48
7
284
243
202
479
161
397
79
356
38
315
274
510
192
469
151
428
110
387
69
346
305
264
223
500
182
459
141
418
100
377
59
336
18
295
254
213
172
449
131
408
90
367
49
326
8
244
203
480
162
439
121
357
39
316
275
234
511
470
152
429
111
388
70
347
29
265
224
501
183
460
142
419
378
60
337
19
296
255
214
491
173
132
409
91
368
50
327
9
286
245
204
481
163
440
122
399
81
40
317
276
235
512
194
430
112
389
71
348
30
307
225
502
184
461
143
420
102
379
338
20
297
256
215
492
451
133
410
92
369
51
328
10
287
246
205
482
164
441
123
400
82
359
41
277
236
513
195
472
154
390
72
349
31
308
267
503
185
462
144
421
103
380
62
298
257
216
493
175
452
411
93
370
52
329
11
288
247
206
165
442
124
401
83
360
319
1
278
237
514
196
473
155
432
114
73
350
32
309
268
227
463
145
422
104
381
63
340
22
258
217
494
176
453
135
371
53
330
12
289
248
484
166
443
125
402
84
361
43
320
279
238
515
197
474
156
433
115
392
74
33
310
269
228
505
187
146
423
105
382
64
341
23
300
218
495
177
454
136
413
95
331
13
290
249
208
485
444
126
403
85
362
44
321
3
239
516
198
475
157
434
116
393
352
34
311
270
229
506
188
465
147
106
383
65
342
24
301
260
496
178
455
137
414
96
373
55
14
291
250
209
486
168
404
86
363
45
322
4
281
199
476
158
435
117
394
76
353
312
271
230
507
189
466
148
425
107
384
66
343
25
302
261
220
179
456
138
415
97
374
56
333
15
251
210
487
169
446
128
364
46
323
5
282
241
477
159
436
118
395
77
354
36
272
231
508
190
467
149
426
385
67
344
26
303
262
221
498
180
139
416
98
375
57
334
16
293
252
211
488
170
447
129
406
88
47
324
6
283
242
201
437
119
396
78
355
37
314
232
509
191
468
150
427
109
386
345
27
304
263
222
499
458
140
417
99
376
58
335
17
294
253
212
489
171
448
130
407
89
366
48
7
284
243
202
479
161
397
79
356
38
315
274
510
192
469
151
428
110
387
69
305
264
223
500
182
459
418
100
377
59
336
18
295
254
213
172
449
131
408
90
367
326
8
285
244
203
480
162
439
121
80
357
39
316
275
234
470
152
429
111
388
70
347
29
265
224
501
183
460
142
378
60
337
19
296
255
491
173
450
132
409
91
368
50
327
286
245
204
481
163
440
122
399
81
40
317
276
235
512
194
153
430
112
389
71
348
30
307
225
502
184
461
143
420
102
338
20
297
256
215
492
451
133
410
92
369
51
328
10
246
205
482
164
441
123
400
359
41
318
277
236
513
195
472
154
113
390
72
349
31
308
267
503
185
462
144
421
103
380
62
21
298
257
216
493
175
411
93
370
52
329
11
288
206
483
165
442
124
401
83
360
319
1
278
237
514
196
473
155
432
114
391
73
350
32
309
268
227
186
463
145
422
104
381
63
340
22
258
217
494
176
453
135
371
53
330
12
289
248
484
166
443
125
402
84
361
43
279
238
515
197
474
156
433
392
74
351
33
310
269
228
505
187
146
423
105
382
64
341
23
300
259
218
495
177
454
136
413
95
54
331
13
290
249
208
444
126
403
85
362
44
321
3
239
516
198
475
157
434
116
393
352
34
311
270
229
506
465
147
424
106
383
65
342
24
301
260
219
496
178
455
137
414
96
373
55
14
291
250
209
486
168
404
86
363
45
322
4
281
199
476
158
435
117
394
76
312
271
230
507
189
466
425
107
384
66
343
25
302
261
220
179
456
138
415
97
374
333
15
292
251
210
487
169
446
128
87
364
46
323
5
282
241
477
159
436
118
395
77
354
36
272
231
508
190
467
149
385
67
344
26
303
262
498
180
457
139
416
98
375
57
334
293
252
211
488
170
447
129
406
88
47
324
6
283
242
201
160
437
119
396
78
355
37
314
232
509
191
468
150
427
109
345
27
304
263
222
499
458
140
417
99
376
58
335
17
253
212
489
171
448
130
407
366
48
325
7
284
243
202
479
161
120
397
79
356
38
315
274
510
192
469
151
428
110
387
69
28
305
264
223
500
182
418
100
377
59
336
18
295
213
490
172
449
131
408
90
367
326
8
285
244
203
480
162
439
121
398
80
357
39
316
275
234
193
470
152
429
111
388
70
347
29
265
224
501
183
460
142
378
60
337
19
296
255
491
173
450
132
409
91
368
50
286
245
204
481
163
440
399
81
358
40
317
276
235
512
194
153
430
112
389
71
348
30
307
266
225
502
184
461
143
420
102
61
338
20
297
256
215
451
133
410
92
369
51
328
10
246
205
482
164
441
123
400
359
41
318
277
236
513
472
154
431
113
390
72
349
31
308
267
226
503
185
462
144
421
103
380
62
21
298
257
216
493
175
411
93
370
52
329
11
288
206
483
165
442
124
401
83
319
1
278
237
514
196
473
432
114
391
73
350
32
309
268
227
186
463
145
422
104
381
340
22
299
258
217
494
176
453
135
94
371
53
330
12
289
248
484
166
443
125
402
84
361
43
279
238
515
197
474
156
392
74
351
33
310
269
505
187
464
146
423
105
382
64
341
300
259
218
495
177
454
136
413
95
54
331
13
290
249
208
167
444
126
403
85
362
44
321
3
239
516
198
475
157
434
116
352
34
311
270
229
506
465
147
424
106
383
65
342
24
260
219
496
178
455
137
414
373
55
332
14
291
250
209
486
168
127
404
86
363
45
322
4
281
199
476
158
435
117
394
76
35
312
271
230
507
189
425
107
384
66
343
25
302
220
497
179
456
138
415
97
374
333
15
292
251
210
487
169
446
128
405
87
364
46
323
5
282
241
200
477
159
436
118
395
77
354
36
272
231
508
190
467
149
385
67
344
26
303
262
498
180
457
139
416
98
375
57
293
252
211
488
170
447
406
88
365
47
324
6
283
242
201
160
437
119
396
78
355
37
314
273
232
509
191
468
150
427
109
68
345
27
304
263
222
458
140
417
99
376
58
335
17
253
212
489
171
448
130
407
366
48
325
7
284
243
479
161
438
120
397
79
356
38
315
274
233
510
192
469
151
428
110
387
69
28
305
264
223
500
182
418
100
377
59
336
18
295
213
490
172
449
131
408
90
326
8
285
244
203
480
439
121
398
80
357
39
316
275
234
193
470
152
429
111
388
347
29
306
265
224
501
183
460
142
101
378
60
337
19
296
255
491
173
450
132
409
91
368
50
286
245
204
481
163
399
81
358
40
317
276
512
194
471
153
430
112
389
71
348
307
266
225
502
184
461
143
420
102
61
338
20
297
256
215
174
451
133
410
92
369
51
328
10
246
205
482
164
441
123
359
41
318
277
236
513
472
154
431
113
390
72
349
31
267
226
503
185
462
144
421
380
62
339
21
298
257
216
493
175
134
411
93
370
52
329
11
288
206
483
165
442
124
401
83
42
319
1
278
237
514
196
432
114
391
73
350
32
309
227
504
186
463
145
422
104
381
340
22
299
258
217
494
176
453
135
412
94
371
53
330
12
289
248
207
484
166
443
125
402
84
361
43
2
279
238
515
197
474
156
392
74
351
33
310
269
505
187
464
146
423
105
382
64
300
259
218
495
177
454
413
95
372
54
331
13
290
249
208
167
444
126
403
85
362
44
321
3
280
239
516
198
475
157
434
116
75
352
34
311
270
229
465
147
424
106
383
65
342
24
260
219
496
178
455
137
414
373
55
332
14
291
250
486
168
445
127
404
86
363
45
322
281
240
199
476
158
435
117
394
76
35
312
271
230
507
189
425
107
384
66
343
25
302
220
497
179
456
138
415
97
333
15
292
251
210
487
446
128
405
87
364
46
323
5
282
241
200
477
159
436
118
395
354
36
313
272
231
508
190
467
149
108
385
67
344
26
303
262
498
180
457
139
416
98
375
57
293
252
211
488
170
406
88
365
47
324
6
283
201
478
160
437
119
396
78
355
314
273
232
509
191
468
150
427
109
68
345
27
304
263
222
181
458
140
417
99
376
58
335
17
253
212
489
171
448
130
366
48
325
7
284
243
479
161
438
120
397
79
356
38
274
233
510
192
469
151
428
387
69
346
28
305
264
223
500
182
141
418
100
377
59
336
18
295
213
490
172
449
131
408
90
49
326
8
285
244
203
439
121
398
80
357
39
316
234
511
193
470
152
429
111
388
347
29
306
265
224
501
183
460
142
419
101
378
60
337
19
296
255
214
491
173
450
132
409
91
368
50
9
286
245
204
481
163
399
81
358
40
317
276
512
194
471
153
430
112
389
71
307
266
225
502
184
461
420
102
379
61
338
20
297
256
215
174
451
133
410
92
369
51
328
10
287
246
205
482
164
441
123
82
359
41
318
277
236
472
154
431
113
390
72
349
31
267
226
503
185
462
144
421
380
62
339
21
298
257
493
175
452
134
411
93
370
52
329
288
247
206
483
165
442
124
401
83
42
319
1
278
237
514
196
432
114
391
73
350
32
309
227
504
186
463
145
422
104
340
22
299
258
217
494
453
135
412
94
371
53
330
12
289
248
207
484
166
443
125
402
361
43
320
2
279
238
515
197
474
156
115
392
74
351
33
310
269
505
187
464
146
423
105
382
64
300
259
218
495
177
413
95
372
54
331
13
290
208
485
167
444
126
403
85
362
321
3
280
239
516
198
475
157
434
116
75
352
34
311
270
229
188
465
147
424
106
383
65
342
24
260
219
496
178
455
137
373
55
332
14
291
250
486
168
445
127
404
86
363
45
281
240
199
476
158
435
394
76
353
35
312
271
230
507
189
148
425
107
384
66
343
25
302
220
497
179
456
138
415
97
56
333
15
292
251
210
446
128
405
87
364
46
323
5
241
200
477
159
436
118
395
354
36
313
272
231
508
190
467
149
426
108
385
67
344
26
303
262
221
498
180
457
139
416
98
375
57
16
293
252
211
488
170
406
88
365
47
324
6
283
201
478
160
437
119
396
78
314
273
232
509
191
468
427
109
386
68
345
27
304
263
222
181
458
140
417
99
376
58
335
17
294
253
212
489
171
448
130
89
366
48
325
7
284
243
479
161
438
120
397
79
356
38
274
233
510
192
469
151
428
387
69
346
28
305
264
500
182
459
141
418
100
377
59
336
295
254
213
490
172
449
131
408
90
49
326
8
285
244
203
439
121
398
80
357
39
316
234
511
193
470
152
429
111
347
29
306
265
224
501
460
142
419
101
378
60
337
19
296
255
214
491
173
450
132
409
368
50
327
9
286
245
204
481
163
122
399
81
358
40
317
276
512
194
471
153
430
112
389
71
307
266
225
502
184
420
102
379
61
338
20
297
215
492
174
451
133
410
92
369
328
10
287
246
205
482
164
441
123
82
359
41
318
277
236
195
472
154
431
113
390
72
349
31
267
226
503
185
462
144
380
62
339
21
298
257
493
175
452
134
411
93
370
52
288
247
206
483
165
442
401
83
360
42
319
1
278
237
514
196
155
432
114
391
73
350
32
309
227
504
186
463
145
422
104
63
340
22
299
258
217
453
135
412
94
371
53
330
12
248
207
484
166
443
125
402
361
43
320
2
279
238
515
197
474
156
433
115
392
74
351
33
310
269
228
505
187
464
146
423
105
382
64
23
300
259
218
495
177
413
95
372
54
331
13
290
208
485
167
444
126
403
85
321
3
280
239
516
198
475
434
116
393
75
352
34
311
270
229
188
465
147
424
106
383
65
342
24
301
260
219
496
178
455
137
96
373
55
332
14
291
250
486
168
445
127
404
86
363
45
281
240
199
476
158
435
394
76
353
35
312
271
507
189
466
148
425
107
384
66
343
302
261
220
497
179
456
138
415
97
56
333
15
292
251
210
446
128
405
87
364
46
323
5
241
200
477
159
436
118
354
36
313
272
231
508
467
149
426
108
385
67
344
26
303
262
221
498
180
457
139
416
375
57
334
16
293
252
211
488
170
129
406
88
365
47
324
6
283
201
478
160
437
119
396
78
314
273
232
509
191
427
109
386
68
345
27
304
222
499
181
458
140
417
99
376
335
17
294
253
212
489
171
448
130
89
366
48
325
7
284
243
202
479
161
438
120
397
79
356
38
274
233
510
192
469
151
387
69
346
28
305
264
500
182
459
141
418
100
377
59
295
254
213
490
172
449
408
90
367
49
326
8
285
244
203
162
439
121
398
80
357
39
316
234
511
193
470
152
429
111
70
347
29
306
265
224
460
142
419
101
378
60
337
19
255
214
491
173
450
132
409
368
50
327
9
286
245
204
481
163
440
122
399
81
358
40
317
276
235
512
194
471
153
430
112
389
71
30
307
266
225
502
184
420
102
379
61
338
20
297
215
492
174
451
133
410
92
328
10
287
246
205
482
441
123
400
82
359
41
318
277
236
195
472
154
431
113
390
72
349
31
308
267
226
503
185
462
144
103
380
62
339
21
298
257
493
175
452
134
411
93
370
52
288
247
206
483
165
442
401
83
360
42
319
1
278
514
196
473
155
432
114
391
73
350
309
268
227
504
186
463
145
422
104
63
340
22
299
258
217
453
135
412
94
371
53
330
12
248
207
484
166
443
125
361
43
320
2
279
238
515
474
156
433
115
392
74
351
33
310
269
228
505
187
464
146
423
382
64
341
23
300
259
218
495
177
136
413
95
372
54
331
13
290
208
485
167
444
126
403
85
321
3
280
239
516
198
434
116
393
75
352
34
311
229
506
188
465
147
424
106
383
342
24
301
260
219
496
178
455
137
96
373
55
332
14
291
250
209
486
168
445
127
404
86
363
45
4
281
240
199
476
158
394
76
353
35
312
271
507
189
466
148
425
107
384
66
302
261
220
497
179
456
415
97
374
56
333
15
292
251
210
169
446
128
405
87
364
46
323
5
241
200
477
159
436
118
77
354
36
313
272
231
467
149
426
108
385
67
344
26
262
221
498
180
457
139
416
375
57
334
16
293
252
211
488
170
447
129
406
88
365
47
324
283
242
201
478
160
437
119
396
78
37
314
273
232
509
191
427
109
386
68
345
27
304
222
499
181
458
140
417
99
335
17
294
253
212
489
448
130
407
89
366
48
325
7
284
243
202
479
161
438
120
397
79
356
38
315
274
233
510
192
469
151
110
387
69
346
28
305
264
500
182
459
141
418
100
377
59
295
254
213
490
172
449
408
90
367
49
326
8
285
203
480
162
439
121
398
80
357
316
275
234
511
193
470
152
429
111
70
347
29
306
265
224
460
142
419
101
378
60
337
19
255
214
491
173
450
132
368
50
327
9
286
245
481
163
440
122
399
81
358
40
317
276
235
512
194
471
153
430
389
71
348
30
307
266
225
502
184
143
420
102
379
61
338
20
297
215
492
174
451
133
410
92
328
10
287
246
205
441
123
400
82
359
41
318
236
513
195
472
154
431
113
390
349
31
308
267
226
503
185
462
144
103
380
62
339
21
298
257
216
493
175
452
134
411
93
370
52
11
288
247
206
483
165
401
83
360
42
319
1
278
514
196
473
155
432
114
391
73
309
268
227
504
186
463
422
104
381
63
340
22
299
258
217
176
453
135
412
94
371
53
330
12
248
207
484
166
443
125
84
361
43
320
2
279
238
474
156
433
115
392
74
351
33
269
228
505
187
464
146
423
382
64
341
23
300
259
218
495
177
454
136
413
95
372
54
331
290
249
208
485
167
444
126
403
85
44
321
3
280
239
516
198
434
116
393
75
352
34
311
229
506
188
465
147
424
106
342
24
301
260
219
496
455
137
414
96
373
55
332
14
291
250
209
486
168
445
127
404
86
363
45
322
4
281
240
199
476
158
117
394
76
353
35
312
271
507
189
466
148
425
107
384
66
302
261
220
497
179
456
415
97
374
56
333
15
292
210
487
169
446
128
405
87
364
323
5
282
241
200
477
159
436
118
77
354
36
313
272
231
467
149
426
108
385
67
344
26
262
221
498
180
457
139
375
57
334
16
293
252
488
170
447
129
406
88
365
47
324
283
242
201
478
160
437
396
78
355
37
314
273
232
509
191
150
427
109
386
68
345
27
304
222
499
181
458
140
417
99
335
17
294
253
212
448
130
407
89
366
48
325
7
243
202
479
161
438
120
397
356
38
315
274
233
510
192
469
151
110
387
69
346
28
305
264
223
500
182
459
141
418
100
377
59
18
295
254
213
490
172
408
90
367
49
326
8
285
203
480
162
439
121
398
80
316
275
234
511
193
470
429
111
388
70
347
29
306
265
224
183
460
142
419
101
378
60
337
19
255
214
491
173
450
132
91
368
50
327
9
286
245
481
163
440
122
399
81
358
40
276
235
512
194
471
153
430
389
71
348
30
307
266
225
502
184
461
143
420
102
379
61
338
297
256
215
492
174
451
133
410
92
51
328
10
287
246
205
441
123
400
82
359
41
318
236
513
195
472
154
431
113
349
31
308
267
226
503
462
144
421
103
380
62
339
21
298
257
216
493
175
452
134
411
93
370
52
329
11
288
247
206
483
165
124
401
83
360
42
319
1
278
514
196
473
155
432
114
391
73
309
268
227
504
186
463
422
104
381
63
340
22
299
217
494
176
453
135
412
94
371
330
12
289
248
207
484
166
443
125
84
361
43
320
2
279
238
474
156
433
115
392
74
351
33
269
228
505
187
464
146
382
64
341
23
300
259
495
177
454
136
413
95
372
54
331
290
249
208
485
167
444
403
85
362
44
321
3
280
239
516
198
157
434
116
393
75
352
34
311
229
506
188
465
147
424
106
342
24
301
260
219
455
137
414
96
373
55
332
14
250
209
486
168
445
127
404
363
45
322
4
281
240
199
476
158
117
394
76
353
35
312
271
230
507
189
466
148
425
107
384
66
25
302
261
220
497
179
415
97
374
56
333
15
292
210
487
169
446
128
405
87
323
5
282
241
200
477
436
118
395
77
354
36
313
272
231
190
467
149
426
108
385
67
344
26
262
221
498
180
457
139
98
375
57
334
16
293
252
488
170
447
129
406
88
365
47
283
242
201
478
160
437
396
78
355
37
314
273
232
509
191
468
150
427
109
386
68
345
304
263
222
499
181
458
140
417
99
58
335
17
294
253
212
448
130
407
89
366
48
325
7
243
202
479
161
438
120
356
38
315
274
233
510
469
151
428
110
387
69
346
28
305
264
223
500
182
459
141
418
100
377
59
336
18
295
254
213
490
172
131
408
90
367
49
326
8
285
203
480
162
439
121
398
80
316
275
234
511
193
470
429
111
388
70
347
29
306
224
501
183
460
142
419
101
378
337
19
296
255
214
491
173
450
132
91
368
50
327
9
286
245
481
163
440
122
399
81
358
40
276
235
512
194
471
153
389
71
348
30
307
266
502
184
461
143
420
102
379
61
338
297
256
215
492
174
451
410
92
369
51
328
10
287
246
205
164
441
123
400
82
359
41
318
236
513
195
472
154
431
113
349
31
308
267
226
462
144
421
103
380
62
339
21
257
216
493
175
452
134
411
370
52
329
11
288
247
206
483
165
124
401
83
360
42
319
278
237
514
196
473
155
432
114
391
73
32
309
268
227
504
186
422
104
381
63
340
22
299
217
494
176
453
135
412
94
330
12
289
248
207
484
443
125
402
84
361
43
320
2
279
238
197
474
156
433
115
392
74
351
33
269
228
505
187
464
146
105
382
64
341
23
300
259
495
177
454
136
413
95
372
54
290
249
208
485
167
444
403
85
362
44
321
3
280
239
516
198
475
157
434
116
393
75
352
311
270
229
506
188
465
147
424
106
65
342
24
301
260
219
455
137
414
96
373
55
332
14
250
209
486
168
445
127
363
45
322
4
281
240
476
158
435
117
394
76
353
35
312
271
230
507
189
466
148
425
107
384
66
343
25
302
261
220
497
179
138
415
97
374
56
333
15
292
210
487
169
446
128
405
87
323
5
282
241
200
477
436
118
395
77
354
36
313
231
508
190
467
149
426
108
385
344
26
303
262
221
498
180
457
139
98
375
57
334
16
293
252
488
170
447
129
406
88
365
47
6
283
242
201
478
160
396
78
355
37
314
273
509
191
468
150
427
109
386
68
345
304
263
222
499
181
458
417
99
376
58
335
17
294
253
212
171
448
130
407
89
366
48
325
7
243
202
479
161
438
120
356
38
315
274
233
469
151
428
110
387
69
346
28
264
223
500
182
459
141
418
377
59
336
18
295
254
213
490
172
131
408
90
367
49
326
285
244
203
480
162
439
121
398
80
39
316
275
234
511
193
429
111
388
70
347
29
306
224
501
183
460
142
419
101
337
19
296
255
214
491
450
132
409
91
368
50
327
9
286
245
204
481
163
440
122
399
81
358
40
276
235
512
194
471
153
112
389
71
348
30
307
266
502
184
461
143
420
102
379
61
297
256
215
492
174
451
410
92
369
51
328
10
287
246
205
482
164
441
123
400
82
359
318
277
236
513
195
472
154
431
113
72
349
31
308
267
226
462
144
421
103
380
62
339
21
257
216
493
175
452
134
370
52
329
11
288
247
483
165
442
124
401
83
360
42
319
278
237
514
196
473
155
432
114
391
73
350
32
309
268
227
504
186
145
422
104
381
63
340
22
299
217
494
176
453
135
412
94
330
12
289
248
207
484
443
125
402
84
361
43
320
2
238
515
197
474
156
433
115
392
351
33
310
269
228
505
187
464
146
105
382
64
341
23
300
259
495
177
454
136
413
95
372
54
13
290
249
208
485
167
403
85
362
44
321
3
280
516
198
475
157
434
116
393
75
352
311
270
229
506
188
465
424
106
383
65
342
24
301
260
219
178
455
137
414
96
373
55
332
14
250
209
486
168
445
127
363
45
322
4
281
240
476
158
435
117
394
76
353
35
271
230
507
189
466
148
425
384
66
343
25
302
261
220
497
179
138
415
97
374
56
333
292
251
210
487
169
446
128
405
87
46
323
5
282
241
200
436
118
395
77
354
36
313
231
508
190
467
149
426
108
344
26
303
262
221
498
457
139
416
98
375
57
334
16
293
252
211
488
170
447
129
406
88
365
47
6
283
242
201
478
160
119
396
78
355
37
314
273
509
191
468
150
427
109
386
68
304
263
222
499
181
458
417
99
376
58
335
17
294
253
212
489
171
448
130
407
89
366
325
7
284
243
202
479
161
438
120
79
356
38
315
274
233
469
151
428
110
387
69
346
28
264
223
500
182
459
141
377
59
336
18
295
254
490
172
449
131
408
90
367
49
326
285
244
203
480
162
439
121
398
80
357
39
316
275
234
511
193
152
429
111
388
70
347
29
306
224
501
183
460
142
419
101
337
19
296
255
214
491
450
132
409
91
368
50
327
9
245
204
481
163
440
122
399
358
40
317
276
235
512
194
471
153
112
389
71
348
30
307
266
502
184
461
143
420
102
379
61
20
297
256
215
492
174
410
92
369
51
328
10
287
205
482
164
441
123
400
82
359
318
277
236
513
195
472
431
113
390
72
349
31
308
267
226
185
462
144
421
103
380
62
339
21
257
216
493
175
452
134
370
52
329
11
288
247
483
165
442
124
401
83
360
42
278
237
514
196
473
155
432
391
73
350
32
309
268
227
504
186
145
422
104
381
63
340
299
258
217
494
176
453
135
412
94
53
330
12
289
248
207
443
125
402
84
361
43
320
2
238
515
197
474
156
433
115
351
33
310
269
228
505
464
146
423
105
382
64
341
23
300
259
218
495
177
454
136
413
95
372
54
13
290
249
208
485
167
126
403
85
362
44
321
3
280
516
198
475
157
434
116
393
75
311
270
229
506
188
465
424
106
383
65
342
24
301
260
219
496
178
455
137
414
96
373
332
14
291
250
209
486
168
445
127
86
363
45
322
4
281
240
476
158
435
117
394
76
353
35
271
230
507
189
466
148
384
66
343
25
302
261
497
179
456
138
415
97
374
56
333
292
251
210
487
169
446
128
405
87
364
46
323
5
282
241
200
159
436
118
395
77
354
36
313
231
508
190
467
149
426
108
344
26
303
262
221
498
457
139
416
98
375
57
334
16
252
211
488
170
447
129
406
365
47
324
6
283
242
201
478
160
119
396
78
355
37
314
273
509
191
468
150
427
109
386
68
27
304
263
222
499
181
417
99
376
58
335
17
294
212
489
171
448
130
407
89
366
325
7
284
243
202
479
438
120
397
79
356
38
315
274
233
192
469
151
428
110
387
69
346
28
264
223
500
182
459
141
377
59
336
18
295
254
490
172
449
131
408
90
367
49
285
244
203
480
162
439
398
80
357
39
316
275
234
511
193
152
429
111
388
70
347
306
265
224
501
183
460
142
419
101
60
337
19
296
255
214
450
132
409
91
368
50
327
9
245
204
481
163
440
122
358
40
317
276
235
512
471
153
430
112
389
71
348
30
307
266
225
502
184
461
143
420
102
379
61
20
297
256
215
492
174
133
410
92
369
51
328
10
287
205
482
164
441
123
400
82
318
277
236
513
195
472
431
113
390
72
349
31
308
267
226
503
185
462
144
421
103
380
339
21
298
257
216
493
175
452
134
93
370
52
329
11
288
247
483
165
442
124
401
83
360
42
1
278
237
514
196
473
155
391
73
350
32
309
268
504
186
463
145
422
104
381
63
340
299
258
217
494
176
453
135
412
94
371
53
330
12
289
248
207
166
443
125
402
84
361
43
320
2
238
515
197
474
156
433
115
351
33
310
269
228
505
464
146
423
105
382
64
341
23
259
218
495
177
454
136
413
372
54
331
13
290
249
208
485
167
126
403
85
362
44
321
3
280
516
198
475
157
434
116
393
75
34
311
270
229
506
188
424
106
383
65
342
24
301
219
496
178
455
137
414
96
373
332
14
291
250
209
486
445
127
404
86
363
45
322
4
281
240
199
476
158
435
117
394
76
353
35
271
230
507
189
466
148
384
66
343
25
302
261
497
179
456
138
415
97
374
56
292
251
210
487
169
446
405
87
364
46
323
5
282
241
200
159
436
118
395
77
354
313
272
231
508
190
467
149
426
108
67
344
26
303
262
221
457
139
416
98
375
57
334
16
252
211
488
170
447
129
365
47
324
6
283
242
478
160
437
119
396
78
355
37
314
273
232
509
191
468
150
427
109
386
68
27
304
263
222
499
181
140
417
99
376
58
335
17
294
212
489
171
448
130
407
89
325
7
284
243
202
479
438
120
397
79
356
38
315
274
233
510
192
469
151
428
110
387
346
28
305
264
223
500
182
459
141
100
377
59
336
18
295
254
490
172
449
131
408
90
367
49
8
285
244
203
480
162
398
80
357
39
316
275
511
193
470
152
429
111
388
70
347
306
265
224
501
183
460
142
419
101
378
60
337
19
296
255
214
173
450
132
409
91
368
50
327
9
245
204
481
163
440
122
358
40
317
276
235
512
471
153
430
112
389
71
348
30
266
225
502
184
461
143
420
379
61
338
20
297
256
215
492
174
133
410
92
369
51
328
10
287
205
482
164
441
123
400
82
41
318
277
236
513
195
431
113
390
72
349
31
308
226
503
185
462
144
421
103
380
339
21
298
257
216
493
452
134
411
93
370
52
329
11
288
247
206
483
165
442
124
401
83
360
42
1
278
237
514
196
473
155
391
73
350
32
309
268
504
186
463
145
422
104
381
63
299
258
217
494
176
453
412
94
371
53
330
12
289
248
207
166
443
125
402
84
361
320
2
279
238
515
197
474
156
433
115
74
351
33
310
269
228
464
146
423
105
382
64
341
23
259
218
495
177
454
136
372
54
331
13
290
249
485
167
444
126
403
85
362
44
321
280
239
516
198
475
157
434
116
393
75
34
311
270
229
506
188
147
424
106
383
65
342
24
301
219
496
178
455
137
414
96
332
14
291
250
209
486
445
127
404
86
363
45
322
4
281
240
199
476
158
435
117
394
353
35
312
271
230
507
189
466
148
107
384
66
343
25
302
261
497
179
456
138
415
97
374
56
15
292
251
210
487
169
405
87
364
46
323
5
282
200
477
159
436
118
395
77
354
313
272
231
508
190
467
149
426
108
385
67
344
26
303
262
221
180
457
139
416
98
375
57
334
16
252
211
488
170
447
129
365
47
324
6
283
242
478
160
437
119
396
78
355
37
273
232
509
191
468
150
427
386
68
345
27
304
263
222
499
181
140
417
99
376
58
335
17
294
212
489
171
448
130
407
89
48
325
7
284
243
202
438
120
397
79
356
38
315
233
510
192
469
151
428
110
387
346
28
305
264
223
500
459
141
418
100
377
59
336
18
295
254
213
490
172
449
131
408
90
367
49
8
285
244
203
480
162
398
80
357
39
316
275
511
193
470
152
429
111
388
70
306
265
224
501
183
460
419
101
378
60
337
19
296
255
214
173
450
132
409
91
368
327
9
286
245
204
481
163
440
122
81
358
40
317
276
235
471
153
430
112
389
71
348
30
266
225
502
184
461
143
379
61
338
20
297
256
492
174
451
133
410
92
369
51
328
287
246
205
482
164
441
123
400
82
41
318
277
236
513
195
154
431
113
390
72
349
31
308
226
503
185
462
144
421
103
339
21
298
257
216
493
452
134
411
93
370
52
329
11
288
247
206
483
165
442
124
401
360
42
319
1
278
237
514
196
473
155
114
391
73
350
32
309
268
504
186
463
145
422
104
381
63
22
299
258
217
494
176
412
94
371
53
330
12
289
207
484
166
443
125
402
84
361
320
2
279
238
515
197
474
156
433
115
392
74
351
33
310
269
228
187
464
146
423
105
382
64
341
23
259
218
495
177
454
136
372
54
331
13
290
249
485
167
444
126
403
85
362
44
280
239
516
198
475
157
434
393
75
352
34
311
270
229
506
188
147
424
106
383
65
342
24
301
219
496
178
455
137
414
96
55
332
14
291
250
209
445
127
404
86
363
45
322
4
240
199
476
158
435
117
394
353
35
312
271
230
507
466
148
425
107
384
66
343
25
302
261
220
497
179
456
138
415
97
374
56
15
292
251
210
487
169
405
87
364
46
323
5
282
200
477
159
436
118
395
77
313
272
231
508
190
467
426
108
385
67
344
26
303
262
221
180
457
139
416
98
375
334
16
293
252
211
488
170
447
129
88
365
47
324
6
283
242
478
160
437
119
396
78
355
37
273
232
509
191
468
150
386
68
345
27
304
263
499
181
458
140
417
99
376
58
335
294
253
212
489
171
448
130
407
89
48
325
7
284
243
202
161
438
120
397
79
356
38
315
233
510
192
469
151
428
110
346
28
305
264
223
500
459
141
418
100
377
59
336
18
295
254
213
490
172
449
131
408
367
49
326
8
285
244
203
480
162
121
398
80
357
39
316
275
511
193
470
152
429
111
388
70
29
306
265
224
501
183
419
101
378
60
337
19
296
214
491
173
450
132
409
91
368
327
9
286
245
204
481
163
440
122
399
81
358
40
317
276
235
194
471
153
430
112
389
71
348
30
266
225
502
184
461
143
379
61
338
20
297
256
492
174
451
133
410
92
369
51
287
246
205
482
164
441
400
82
359
41
318
277
236
513
195
154
431
113
390
72
349
31
308
226
503
185
462
144
421
103
62
339
21
298
257
216
452
134
411
93
370
52
329
11
247
206
483
165
442
124
401
360
42
319
1
278
237
514
473
155
432
114
391
73
350
32
309
268
227
504
186
463
145
422
104
381
63
22
299
258
217
494
176
412
94
371
53
330
12
289
207
484
166
443
125
402
84
320
2
279
238
515
197
474
433
115
392
74
351
33
310
269
228
187
464
146
423
105
382
341
23
300
259
218
495
177
454
136
95
372
54
331
13
290
249
485
167
444
126
403
85
362
44
280
239
516
198
475
157
393
75
352
34
311
270
506
188
465
147
424
106
383
65
342
301
260
219
496
178
455
137
414
96
55
332
14
291
250
209
168
445
127
404
86
363
45
322
4
240
199
476
158
435
117
353
35
312
271
230
507
466
148
425
107
384
66
343
25
302
261
220
497
179
456
138
415
374
56
333
15
292
251
210
487
169
128
405
87
364
46
323
5
282
200
477
159
436
118
395
77
36
313
272
231
508
190
426
108
385
67
344
26
303
221
498
180
457
139
416
98
375
334
16
293
252
211
488
170
447
129
406
88
365
47
324
6
283
242
201
478
160
437
119
396
78
355
37
273
232
509
191
468
150
386
68
345
27
304
263
499
181
458
140
417
99
376
58
294
253
212
489
171
448
407
89
366
48
325
7
284
243
202
161
438
120
397
79
356
38
315
233
510
192
469
151
428
110
69
346
28
305
264
223
459
141
418
100
377
59
336
18
254
213
490
172
449
131
408
367
49
326
8
285
244
480
162
439
