1
278
514
196
155
432
391
73
32
309
268
504
186
422
63
340
299
217
176
453
412
94
53
330
207
484
443
125
84
361
320
2
238
197
474
115
351
33
269
228
505
464
146
105
382
341
23
259
495
177
136
413
372
54
13
290
249
167
403
85
44
321
280
516
198
157
434
393
75
311
229
188
465
424
106
65
342
301
219
455
96
373
332
14
250
209
486
445
127
86
363
4
281
240
476
158
117
394
353
35
271
507
148
425
384
66
25
302
261
497
179
138
415
56
292
210
169
446
405
87
46
323
282
200
436
118
77
354
313
231
190
467
426
108
344
262
221
498
457
139
98
375
334
16
252
488
170
129
406
365
47
6
283
242
478
160
396
37
314
273
509
191
150
427
386
68
27
304
181
458
417
99
58
335
294
212
171
448
89
325
7
243
202
479
438
120
79
356
233
510
469
151
110
387
346
28
264
223
500
141
377
59
18
295
254
490
172
131
408
367
49
285
203
162
439
398
80
39
316
275
511
193
429
70
347
306
224
183
460
419
101
337
255
214
491
450
132
91
368
327
9
245
481
122
399
358
40
276
235
512
471
153
112
389
30
266
502
184
143
420
379
61
20
297
256
174
410
92
51
328
287
205
164
441
82
318
236
195
472
431
113
72
349
308
226
462
144
103
380
339
21
257
216
493
452
134
370
11
288
247
483
165
124
401
360
42
1
278
514
155
432
391
73
32
309
268
504
186
422
63
340
299
217
176
453
412
94
53
330
207
484
443
125
84
361
320
2
238
197
474
115
351
33
269
228
505
464
146
105
382
341
23
259
495
177
136
413
372
54
13
290
249
167
403
85
44
321
280
516
198
157
434
393
75
311
229
188
465
424
106
65
342
301
219
455
96
373
332
14
250
209
486
445
127
86
363
4
240
476
158
117
394
353
35
271
507
148
425
384
66
25
302
261
497
179
138
415
56
292
210
169
446
405
87
46
323
282
200
436
118
77
354
313
231
190
467
426
108
344
262
221
498
457
139
98
375
334
16
252
488
170
129
406
365
47
6
283
242
478
160
396
37
314
273
509
191
150
427
386
68
27
304
181
458
417
99
58
335
294
212
171
448
89
325
7
243
202
479
438
120
79
356
315
233
510
469
151
110
387
346
28
264
223
500
141
377
59
18
295
254
490
172
131
408
367
49
285
203
162
439
398
80
39
316
275
511
193
429
70
347
306
224
183
460
419
101
60
337
255
214
491
450
132
91
368
327
9
245
481
122
399
358
40
276
235
512
471
153
112
389
30
266
502
184
143
420
379
61
20
297
256
174
410
92
51
328
287
205
164
441
400
82
318
236
195
472
431
113
72
349
308
226
462
144
103
380
339
21
257
216
493
452
134
370
11
288
247
483
165
124
401
360
42
1
278
514
155
432
391
73
32
309
268
504
186
145
422
63
299
217
176
453
412
94
53
330
207
484
443
125
84
361
320
2
238
197
474
115
351
33
269
228
505
464
146
105
382
341
23
259
495
177
136
413
372
54
13
290
249
485
167
403
44
321
280
516
198
157
434
393
75
311
229
188
465
424
106
65
342
301
219
455
96
373
332
14
250
209
486
445
127
86
363
4
240
476
158
117
394
353
35
271
230
507
148
384
66
25
302
261
497
179
138
415
56
292
210
169
446
405
87
46
323
282
200
436
118
77
354
313
231
190
467
426
108
344
262
221
498
457
139
98
375
334
16
252
488
129
406
365
47
6
283
242
478
160
396
37
314
273
509
191
150
427
386
68
27
304
181
458
417
99
58
335
294
212
171
448
89
325
7
243
202
479
438
120
79
356
315
233
469
151
110
387
346
28
264
223
500
141
377
59
18
295
254
490
172
131
408
367
49
285
203
162
439
398
80
39
316
275
511
193
429
70
347
306
224
183
460
419
101
60
337
214
491
450
132
91
368
327
9
245
481
122
399
358
40
276
235
512
471
153
112
389
30
266
502
184
143
420
379
61
20
297
256
174
410
92
51
328
287
205
164
441
400
82
318
236
195
472
431
113
72
349
308
226
462
144
103
380
339
21
257
216
493
452
134
370
11
288
247
483
165
124
401
360
42
1
278
514
155
432
391
73
32
309
268
504
186
145
422
63
299
217
176
453
412
94
53
330
289
207
484
443
125
84
361
320
2
238
197
474
115
351
33
269
228
505
464
146
105
382
341
23
259
495
177
136
413
372
54
13
290
249
485
167
403
44
321
280
516
198
157
434
393
75
34
311
229
188
465
424
106
65
342
301
219
455
96
373
332
14
250
209
486
445
127
86
363
4
240
476
158
117
394
353
35
271
230
507
148
384
66
25
302
261
497
179
138
415
374
56
292
210
169
446
405
87
46
323
282
200
436
118
77
354
313
231
190
467
426
108
344
262
221
498
457
139
98
375
334
16
252
488
129
406
365
47
6
283
242
478
160
119
396
37
273
509
191
150
427
386
68
27
304
181
458
417
99
58
335
294
212
171
448
89
325
7
243
202
479
438
120
79
356
315
233
469
151
110
387
346
28
264
223
500
459
141
377
18
295
254
490
172
131
408
367
49
285
203
162
439
398
80
39
316
275
511
193
429
70
347
306
224
183
460
419
101
60
337
214
491
450
132
91
368
327
9
245
204
481
122
358
40
276
235
512
471
153
112
389
30
266
502
184
143
420
379
61
20
297
256
174
410
92
51
328
287
205
164
441
400
82
318
236
195
472
431
113
72
349
308
226
462
103
380
339
21
257
216
493
452
134
370
11
288
247
483
165
124
401
360
42
1
278
514
155
432
391
73
32
309
268
504
186
145
422
63
299
217
176
453
412
94
53
330
289
207
443
125
84
361
320
2
238
197
474
115
351
33
269
228
505
464
146
105
382
341
23
259
495
177
136
413
372
54
13
290
249
485
167
403
44
321
280
516
198
157
434
393
75
34
311
188
465
424
106
65
342
301
219
455
96
373
332
14
250
209
486
445
127
86
363
4
240
476
158
117
394
353
35
271
230
507
148
384
66
25
302
261
497
179
138
415
374
56
292
210
169
446
405
87
46
323
282
200
436
118
77
354
313
231
190
467
426
108
344
262
221
498
457
139
98
375
334
16
252
488
129
406
365
47
6
283
242
478
160
119
396
37
273
509
191
150
427
386
68
27
304
263
181
458
417
99
58
335
294
212
171
448
89
325
7
243
202
479
438
120
79
356
315
233
469
151
110
387
346
28
264
223
500
459
141
377
18
295
254
490
172
131
408
367
49
8
285
203
162
439
398
80
39
316
275
511
193
429
70
347
306
224
183
460
419
101
60
337
214
491
450
132
91
368
327
9
245
204
481
122
358
40
276
235
512
471
153
112
389
348
30
266
502
184
143
420
379
61
20
297
256
174
410
92
51
328
287
205
164
441
400
82
318
236
195
472
431
113
72
349
308
226
462
103
380
339
21
257
216
493
452
134
93
370
11
247
483
165
124
401
360
42
1
278
514
155
432
391
73
32
309
268
504
186
145
422
63
299
217
176
453
412
94
53
330
289
207
443
125
84
361
320
2
238
197
474
433
115
351
269
228
505
464
146
105
382
341
23
259
495
177
136
413
372
54
13
290
249
485
167
403
44
321
280
516
198
157
434
393
75
34
311
188
465
424
106
65
342
301
219
178
455
96
332
14
250
209
486
445
127
86
363
4
240
476
158
117
394
353
35
271
230
507
148
384
66
25
302
261
497
179
138
415
374
56
292
210
169
446
405
87
46
323
282
200
436
77
354
313
231
190
467
426
108
344
262
221
498
457
139
98
375
334
16
252
488
129
406
365
47
6
283
242
478
160
119
396
37
273
509
191
150
427
386
68
27
304
263
181
417
99
58
335
294
212
171
448
89
325
7
243
202
479
438
120
79
356
315
233
469
151
110
387
346
28
264
223
500
459
141
377
18
295
254
490
172
131
408
367
49
8
285
162
439
398
80
39
316
275
511
193
429
70
347
306
224
183
460
419
101
60
337
214
491
450
132
91
368
327
9
245
204
481
122
358
40
276
235
512
471
153
112
389
348
30
266
502
184
143
420
379
61
20
297
256
492
174
410
92
51
328
287
205
164
441
400
82
318
236
195
472
431
113
72
349
308
226
462
103
380
339
21
257
216
493
452
134
93
370
11
247
483
165
124
401
360
42
1
278
237
514
155
432
391
73
32
309
268
504
186
145
422
63
299
217
176
453
412
94
53
330
289
207
443
125
84
361
320
2
238
197
474
433
115
351
269
228
505
464
146
105
382
341
23
259
495
177
136
413
372
54
13
290
249
485
167
403
44
321
280
516
198
157
434
393
75
34
311
188
465
424
106
65
342
301
219
178
455
96
332
14
250
209
486
445
127
86
363
322
4
240
476
158
117
394
353
35
271
230
507
148
384
66
25
302
261
497
179
138
415
374
56
292
210
169
446
405
87
46
323
282
200
436
77
354
313
231
190
467
426
108
67
344
221
498
457
139
98
375
334
16
252
488
129
406
365
47
6
283
242
478
160
119
396
37
273
509
191
150
427
386
68
27
304
263
181
417
99
58
335
294
212
171
448
407
89
325
243
202
479
438
120
79
356
315
233
469
151
110
387
346
28
264
223
500
459
141
377
18
295
254
490
172
131
408
367
49
8
285
162
439
398
80
39
316
275
511
193
152
429
70
306
224
183
460
419
101
60
337
214
491
450
132
91
368
327
9
245
204
481
122
358
40
276
235
512
471
153
112
389
348
30
266
502
184
143
420
379
61
20
297
256
492
174
410
51
328
287
205
164
441
400
82
318
236
195
472
431
113
72
349
308
226
462
103
380
339
21
257
216
493
452
134
93
370
11
247
483
165
124
401
360
42
1
278
237
514
155
391
73
32
309
268
504
186
145
422
63
299
217
176
453
412
94
53
330
289
207
443
125
84
361
320
2
238
197
474
433
115
351
269
228
505
464
146
105
382
341
23
259
495
136
413
372
54
13
290
249
485
167
403
44
321
280
516
198
157
434
393
75
34
311
188
465
424
106
65
342
301
219
178
455
96
332
14
250
209
486
445
127
86
363
322
4
240
476
158
117
394
353
35
271
230
507
466
148
384
66
25
302
261
497
179
138
415
374
56
292
210
169
446
405
87
46
323
282
200
436
77
354
313
231
190
467
426
108
67
344
221
498
457
139
98
375
334
16
252
211
488
129
406
365
47
6
283
242
478
160
119
396
37
273
509
191
150
427
386
68
27
304
263
181
417
99
58
335
294
212
171
448
407
89
325
243
202
479
438
120
79
356
315
233
469
151
110
387
346
28
264
223
500
459
141
377
18
295
254
490
172
131
408
367
49
8
285
162
439
398
80
39
316
275
511
193
152
429
70
306
224
183
460
419
101
60
337
296
214
450
132
91
368
327
9
245
204
481
122
358
40
276
235
512
471
153
112
389
348
30
266
502
184
143
420
379
61
20
297
256
492
174
410
51
328
287
205
164
441
400
82
41
318
195
472
431
113
72
349
308
226
462
103
380
339
21
257
216
493
452
134
93
370
11
247
483
165
124
401
360
42
1
278
237
514
155
391
73
32
309
268
504
186
145
422
381
63
299
217
176
453
412
94
53
330
289
207
443
125
84
361
320
2
238
197
474
433
115
351
269
228
505
464
146
105
382
341
23
259
495
136
413
372
54
13
290
249
485
167
126
403
44
280
516
198
157
434
393
75
34
311
188
465
424
106
65
342
301
219
178
455
96
332
14
250
209
486
445
127
86
363
322
4
240
476
158
117
394
353
35
271
230
507
466
148
384
25
302
261
497
179
138
415
374
56
292
210
169
446
405
87
46
323
282
200
436
77
354
313
231
190
467
426
108
67
344
221
498
457
139
98
375
334
16
252
211
488
129
365
47
6
283
242
478
160
119
396
37
273
509
191
150
427
386
68
27
304
263
181
417
99
58
335
294
212
171
448
407
89
325
243
202
479
438
120
79
356
315
233
469
110
387
346
28
264
223
500
459
141
377
18
295
254
490
172
131
408
367
49
8
285
162
439
398
80
39
316
275
511
193
152
429
70
306
224
183
460
419
101
60
337
296
214
450
132
91
368
327
9
245
204
481
440
122
358
40
276
235
512
471
153
112
389
348
30
266
502
184
143
420
379
61
20
297
256
492
174
410
51
328
287
205
164
441
400
82
41
318
195
472
431
113
72
349
308
226
185
462
103
380
339
21
257
216
493
452
134
93
370
11
247
483
165
124
401
360
42
1
278
237
514
155
391
73
32
309
268
504
186
145
422
381
63
299
217
176
453
412
94
53
330
289
207
443
125
84
361
320
2
238
197
474
433
115
351
269
228
505
464
146
105
382
341
23
259
495
136
413
372
54
13
290
249
485
167
126
403
44
280
516
198
157
434
393
75
34
311
270
188
424
106
65
342
301
219
178
455
96
332
14
250
209
486
445
127
86
363
322
4
240
476
158
117
394
353
35
271
230
507
466
148
384
25
302
261
497
179
138
415
374
56
15
292
169
446
405
87
46
323
282
200
436
77
354
313
231
190
467
426
108
67
344
221
498
457
139
98
375
334
16
252
211
488
129
365
47
6
283
242
478
160
119
396
355
37
273
509
191
150
427
386
68
27
304
263
181
417
99
58
335
294
212
171
448
407
89
325
243
202
479
438
120
79
356
315
233
469
110
387
346
28
264
223
500
459
141
100
377
18
254
490
172
131
408
367
49
8
285
162
439
398
80
39
316
275
511
193
152
429
70
306
224
183
460
419
101
60
337
296
214
450
132
91
368
327
9
245
204
481
440
122
358
276
235
512
471
153
112
389
348
30
266
502
184
143
420
379
61
20
297
256
492
174
410
51
328
287
205
164
441
400
82
41
318
195
472
431
113
72
349
308
226
185
462
103
339
21
257
216
493
452
134
93
370
11
247
483
165
124
401
360
42
1
278
237
514
155
391
73
32
309
268
504
186
145
422
381
63
299
217
176
453
412
94
53
330
289
207
443
84
361
320
2
238
197
474
433
115
351
269
228
505
464
146
105
382
341
23
259
495
136
413
372
54
13
290
249
485
167
126
403
44
280
516
198
157
434
393
75
34
311
270
188
424
106
65
342
301
219
178
455
414
96
332
14
250
209
486
445
127
86
363
322
4
240
476
158
117
394
353
35
271
230
507
466
148
384
25
302
261
497
179
138
415
374
56
15
292
169
446
405
87
46
323
282
200
159
436
77
354
313
231
190
467
426
108
67
344
221
498
457
139
98
375
334
16
252
211
488
129
365
47
6
283
242
478
160
119
396
355
37
273
509
191
150
427
386
68
27
304
263
499
181
417
99
58
335
294
212
171
448
407
89
325
243
202
479
438
120
79
356
315
233
469
110
387
346
28
264
223
500
459
141
100
377
18
254
490
172
131
408
367
49
8
285
244
162
398
80
39
316
275
511
193
152
429
70
306
224
183
460
419
101
60
337
296
214
450
132
91
368
327
9
245
204
481
440
122
358
276
235
512
471
153
112
389
348
30
266
502
143
420
379
61
20
297
256
492
174
410
51
328
287
205
164
441
400
82
41
318
195
472
431
113
72
349
308
226
185
462
103
339
21
257
216
493
452
134
93
370
329
11
247
483
165
124
401
360
42
1
278
237
514
155
391
73
32
309
268
504
186
145
422
381
63
299
217
176
453
412
94
53
330
289
207
443
84
361
320
2
238
197
474
433
115
74
351
228
505
464
146
105
382
341
23
259
495
136
413
372
54
13
290
249
485
167
126
403
44
280
516
198
157
434
393
75
34
311
270
188
424
106
65
342
301
219
178
455
414
96
332
250
209
486
445
127
86
363
322
4
240
476
158
117
394
353
35
271
230
507
466
148
384
25
302
261
497
179
138
415
374
56
15
292
169
446
405
87
46
323
282
200
159
436
77
313
231
190
467
426
108
67
344
221
498
457
139
98
375
334
16
252
211
488
129
365
47
6
283
242
478
160
119
396
355
37
273
509
191
150
427
386
68
27
304
263
499
181
417
58
335
294
212
171
448
407
89
325
243
202
479
438
120
79
356
315
233
469
110
387
346
28
264
223
500
459
141
100
377
18
254
490
172
131
408
367
49
8
285
244
162
398
80
39
316
275
511
193
152
429
388
70
306
224
183
460
419
101
60
337
296
214
450
132
91
368
327
9
245
204
481
440
122
358
276
235
512
471
153
112
389
348
30
266
502
143
420
379
61
20
297
256
492
174
133
410
51
328
287
205
164
441
400
82
41
318
195
472
431
113
72
349
308
226
185
462
103
339
21
257
216
493
452
134
93
370
329
11
247
483
165
124
401
360
42
1
278
237
514
473
155
391
73
32
309
268
504
186
145
422
381
63
299
217
176
453
412
94
53
330
289
207
443
84
361
320
2
238
197
474
433
115
74
351
228
505
464
146
105
382
341
23
259
218
495
136
372
54
13
290
249
485
167
126
403
44
280
516
198
157
434
393
75
34
311
270
188
424
106
65
342
301
219
178
455
414
96
332
250
209
486
445
127
86
363
322
4
240
476
117
394
353
35
271
230
507
466
148
384
25
302
261
497
179
138
415
374
56
15
292
169
446
405
87
46
323
282
200
159
436
77
313
231
190
467
426
108
67
344
303
221
457
139
98
375
334
16
252
211
488
129
365
47
6
283
242
478
160
119
396
355
37
273
509
191
150
427
386
68
27
304
263
499
181
417
58
335
294
212
171
448
407
89
48
325
202
479
438
120
79
356
315
233
469
110
387
346
28
264
223
500
459
141
100
377
18
254
490
172
131
408
367
49
8
285
244
162
398
80
39
316
275
511
193
152
429
388
70
306
224
183
460
419
101
60
337
296
214
450
132
91
368
327
9
245
204
481
440
122
358
276
235
512
471
153
112
389
348
30
266
502
143
420
379
61
20
297
256
492
174
133
410
51
287
205
164
441
400
82
41
318
195
472
431
113
72
349
308
226
185
462
103
339
21
257
216
493
452
134
93
370
329
11
247
483
165
124
401
360
42
1
278
237
514
473
155
391
32
309
268
504
186
145
422
381
63
299
217
176
453
412
94
53
330
289
207
443
84
361
320
2
238
197
474
433
115
74
351
228
505
464
146
105
382
341
23
259
218
495
136
372
54
13
290
249
485
167
126
403
362
44
280
516
198
157
434
393
75
34
311
270
188
424
106
65
342
301
219
178
455
414
96
332
250
209
486
445
127
86
363
322
4
240
476
117
394
353
35
271
230
507
466
148
107
384
25
302
261
497
179
138
415
374
56
15
292
169
446
405
87
46
323
282
200
159
436
77
313
231
190
467
426
108
67
344
303
221
457
139
98
375
334
16
252
211
488
447
129
365
47
6
283
242
478
160
119
396
355
37
273
509
191
150
427
386
68
27
304
263
499
181
417
58
335
294
212
171
448
407
89
48
325
202
479
438
120
79
356
315
233
192
469
110
346
28
264
223
500
459
141
100
377
18
254
490
172
131
408
367
49
8
285
244
162
398
80
39
316
275
511
193
152
429
388
70
306
224
183
460
419
101
60
337
296
214
450
91
368
327
9
245
204
481
440
122
358
276
235
512
471
153
112
389
348
30
266
502
143
420
379
61
20
297
256
492
174
133
410
51
287
205
164
441
400
82
41
318
277
195
431
113
72
349
308
226
185
462
103
339
21
257
216
493
452
134
93
370
329
11
247
483
165
124
401
360
42
1
278
237
514
473
155
391
32
309
268
504
186
145
422
381
63
22
299
176
453
412
94
53
330
289
207
443
84
361
320
2
238
197
474
433
115
74
351
228
505
464
146
105
382
341
23
259
218
495
136
372
54
13
290
249
485
167
126
403
362
44
280
516
198
157
434
393
75
34
311
270
188
424
106
65
342
301
219
178
455
414
96
332
250
209
486
445
127
86
363
322
4
240
476
117
394
353
35
271
230
507
466
148
107
384
25
261
497
179
138
415
374
56
15
292
169
446
405
87
46
323
282
200
159
436
77
313
231
190
467
426
108
67
344
303
221
457
139
98
375
334
16
252
211
488
447
129
365
6
283
242
478
160
119
396
355
37
273
509
191
150
427
386
68
27
304
263
499
181
417
58
335
294
212
171
448
407
89
48
325
202
479
438
120
79
356
315
233
192
469
110
346
28
264
223
500
459
141
100
377
336
18
254
490
172
131
408
367
49
8
285
244
162
398
80
39
316
275
511
193
152
429
388
70
306
224
183
460
419
101
60
337
296
214
450
91
368
327
9
245
204
481
440
122
81
358
276
235
512
471
153
112
389
348
30
266
502
143
420
379
61
20
297
256
492
174
133
410
51
287
205
164
441
400
82
41
318
277
195
431
113
72
349
308
226
185
462
421
103
339
21
257
216
493
452
134
93
370
329
11
247
483
165
124
401
360
42
1
278
237
514
473
155
391
32
309
268
504
186
145
422
381
63
22
299
176
453
412
94
53
330
289
207
166
443
84
320
2
238
197
474
433
115
74
351
228
505
464
146
105
382
341
23
259
218
495
136
372
54
13
290
249
485
167
126
403
362
44
280
516
198
157
434
393
75
34
311
270
506
188
424
65
342
301
219
178
455
414
96
332
250
209
486
445
127
86
363
322
4
240
476
117
394
353
35
271
230
507
466
148
107
384
25
261
497
179
138
415
374
56
15
292
251
169
405
87
46
323
282
200
159
436
77
313
231
190
467
426
108
67
344
303
221
457
139
98
375
334
16
252
211
488
447
129
365
6
283
242
478
160
119
396
355
37
273
509
150
427
386
68
27
304
263
499
181
417
58
335
294
212
171
448
407
89
48
325
202
479
438
120
79
356
315
233
192
469
110
346
28
264
223
500
459
141
100
377
336
18
254
490
172
131
408
367
49
8
285
244
162
398
80
39
316
275
511
193
152
429
388
70
306
224
183
460
419
101
60
337
296
214
450
91
368
327
9
245
204
481
440
122
81
358
235
512
471
153
112
389
348
30
266
502
143
420
379
61
20
297
256
492
174
133
410
51
287
205
164
441
400
82
41
318
277
195
431
113
72
349
308
226
185
462
421
103
339
257
216
493
452
134
93
370
329
11
247
483
165
124
401
360
42
1
278
237
514
473
155
391
32
309
268
504
186
145
422
381
63
22
299
176
453
412
94
53
330
289
207
166
443
84
320
2
238
197
474
433
115
74
351
310
228
505
464
146
105
382
341
23
259
218
495
136
372
54
13
290
249
485
167
126
403
362
44
280
516
198
157
434
393
75
34
311
270
506
188
424
65
342
301
219
178
455
414
96
55
332
250
209
486
445
127
86
363
322
4
240
476
117
394
353
35
271
230
507
466
148
107
384
25
261
497
179
138
415
374
56
15
292
251
169
405
87
46
323
282
200
159
436
395
77
313
231
190
467
426
108
67
344
303
221
457
139
98
375
334
16
252
211
488
447
129
365
6
283
242
478
160
119
396
355
37
273
509
150
427
386
68
27
304
263
499
181
140
417
58
294
212
171
448
407
89
48
325
202
479
438
120
79
356
315
233
192
469
110
346
28
264
223
500
459
141
100
377
336
18
254
490
172
131
408
367
49
8
285
244
480
162
398
39
316
275
511
193
152
429
388
70
306
224
183
460
419
101
60
337
296
214
450
91
368
327
9
245
204
481
440
122
81
358
235
512
471
153
112
389
348
30
266
225
502
143
379
61
20
297
256
492
174
133
410
51
287
205
164
441
400
82
41
318
277
195
431
113
72
349
308
226
185
462
421
103
339
257
216
493
452
134
93
370
329
11
247
483
124
401
360
42
1
278
237
514
473
155
391
32
309
268
504
186
145
422
381
63
22
299
176
453
412
94
53
330
289
207
166
443
84
320
2
238
197
474
433
115
74
351
310
228
464
146
105
382
341
23
259
218
495
136
372
54
13
290
249
485
167
126
403
362
44
280
516
198
157
434
393
75
34
311
270
506
188
424
65
342
301
219
178
455
414
96
55
332
209
486
445
127
86
363
322
4
240
476
117
394
353
35
271
230
507
466
148
107
384
25
261
497
179
138
415
374
56
15
292
251
169
405
87
46
323
282
200
159
436
395
77
313
231
190
467
426
108
67
344
303
221
457
139
98
375
334
16
252
211
488
447
129
365
6
283
242
478
160
119
396
355
37
273
509
150
427
386
68
27
304
263
499
181
140
417
58
294
212
171
448
407
89
48
325
284
202
479
438
120
79
356
315
233
192
469
110
346
28
264
223
500
459
141
100
377
336
18
254
490
172
131
408
367
49
8
285
244
480
162
398
39
316
275
511
193
152
429
388
70
29
306
224
183
460
419
101
60
337
296
214
450
91
368
327
9
245
204
481
440
122
81
358
235
512
471
153
112
389
348
30
266
225
502
143
379
61
20
297
256
492
174
133
410
369
51
287
205
164
441
400
82
41
318
277
195
431
113
72
349
308
226
185
462
421
103
339
257
216
493
452
134
93
370
329
11
247
483
124
401
360
42
1
278
237
514
473
155
114
391
32
268
504
186
145
422
381
63
22
299
176
453
412
94
53
330
289
207
166
443
84
320
2
238
197
474
433
115
74
351
310
228
464
146
105
382
341
23
259
218
495
454
136
372
13
290
249
485
167
126
403
362
44
280
516
198
157
434
393
75
34
311
270
506
188
424
65
342
301
219
178
455
414
96
55
332
209
486
445
127
86
363
322
4
240
199
476
117
353
35
271
230
507
466
148
107
384
25
261
497
179
138
415
374
56
15
292
251
169
405
87
46
323
282
200
159
436
395
77
313
231
190
467
426
108
67
344
303
221
457
98
375
334
16
252
211
488
447
129
365
6
283
242
478
160
119
396
355
37
273
509
150
427
386
68
27
304
263
499
181
140
417
58
294
212
171
448
407
89
48
325
284
202
438
120
79
356
315
233
192
469
110
346
28
264
223
500
459
141
100
377
336
18
254
490
172
131
408
367
49
8
285
244
480
162
398
39
316
275
511
193
152
429
388
70
29
306
183
460
419
101
60
337
296
214
450
91
368
327
9
245
204
481
440
122
81
358
235
512
471
153
112
389
348
30
266
225
502
143
379
61
20
297
256
492
174
133
410
369
51
287
205
164
441
400
82
41
318
277
195
431
113
72
349
308
226
185
462
421
103
339
257
216
493
452
134
93
370
329
11
247
483
124
401
360
42
1
278
237
514
473
155
114
391
32
268
504
186
145
422
381
63
22
299
258
176
453
412
94
53
330
289
207
166
443
84
320
2
238
197
474
433
115
74
351
310
228
464
146
105
382
341
23
259
218
495
454
136
372
13
290
249
485
167
126
403
362
44
3
280
516
198
157
434
393
75
34
311
270
506
188
424
65
342
301
219
178
455
414
96
55
332
209
486
445
127
86
363
322
4
240
199
476
117
353
35
271
230
507
466
148
107
384
343
25
261
497
179
138
415
374
56
15
292
251
169
405
87
46
323
282
200
159
436
395
77
313
231
190
467
426
108
67
344
303
221
457
98
375
334
16
252
211
488
447
129
88
365
6
242
478
160
119
396
355
37
273
509
150
427
386
68
27
304
263
499
181
140
417
58
294
212
171
448
407
89
48
325
284
202
438
120
79
356
315
233
192
469
428
110
346
264
223
500
459
141
100
377
336
18
254
490
172
131
408
367
49
8
285
244
480
162
398
39
316
275
511
193
152
429
388
70
29
306
183
460
419
101
60
337
296
214
173
450
91
327
9
245
204
481
440
122
81
358
235
512
471
153
112
389
348
30
266
225
502
143
379
61
20
297
256
492
174
133
410
369
51
287
205
164
441
400
82
41
318
277
513
195
431
72
349
308
226
185
462
421
103
339
257
216
493
452
134
93
370
329
11
247
483
124
401
360
42
1
278
237
514
473
155
114
391
32
268
504
186
145
422
381
63
22
299
258
176
412
94
53
330
289
207
166
443
84
320
2
238
197
474
433
115
74
351
310
228
464
146
105
382
341
23
259
218
495
454
136
372
13
290
249
485
167
126
403
362
44
3
280
516
157
434
393
75
34
311
270
506
188
424
65
342
301
219
178
455
414
96
55
332
209
486
445
127
86
363
322
4
240
199
476
117
353
35
271
230
507
466
148
107
384
343
25
261
497
179
138
415
374
56
15
292
251
169
405
87
46
323
282
200
159
436
395
77
313
231
190
467
426
108
67
344
303
221
457
98
375
334
16
252
211
488
447
129
88
365
6
242
478
160
119
396
355
37
273
232
509
150
427
386
68
27
304
263
499
181
140
417
58
294
212
171
448
407
89
48
325
284
202
438
120
79
356
315
233
192
469
428
110
346
264
223
500
459
141
100
377
336
18
254
490
172
131
408
367
49
8
285
244
480
162
398
39
316
275
511
193
152
429
388
70
29
306
183
460
419
101
60
337
296
214
173
450
91
327
9
245
204
481
440
122
81
358
317
235
512
471
153
112
389
348
30
266
225
502
143
379
61
20
297
256
492
174
133
410
369
51
287
205
164
441
400
82
41
318
277
513
195
431
72
349
308
226
185
462
421
103
62
339
216
493
452
134
93
370
329
11
247
483
124
401
360
42
1
278
237
514
473
155
114
391
32
268
504
186
145
422
381
63
22
299
258
176
412
94
53
330
289
207
166
443
402
84
320
238
197
474
433
115
74
351
310
228
464
146
105
382
341
23
259
218
495
454
136
372
13
290
249
485
167
126
403
362
44
3
280
516
157
434
393
75
34
311
270
506
188
147
424
65
301
219
178
455
414
96
55
332
209
486
445
127
86
363
322
4
240
199
476
117
353
35
271
230
507
466
148
107
384
343
25
261
497
179
138
415
374
56
15
292
251
487
169
405
46
323
282
200
159
436
395
77
313
231
190
467
426
108
67
344
303
221
457
98
375
334
16
252
211
488
447
129
88
365
6
242
478
160
119
396
355
37
273
232
509
150
386
68
27
304
263
499
181
140
417
58
294
212
171
448
407
89
48
325
284
202
438
120
79
356
315
233
192
469
428
110
346
264
223
500
459
141
100
377
336
18
254
490
131
408
367
49
8
285
244
480
162
398
39
316
275
511
193
152
429
388
70
29
306
183
460
419
101
60
337
296
214
173
450
91
327
9
245
204
481
440
122
81
358
317
235
471
153
112
389
348
30
266
225
502
143
379
61
20
297
256
492
174
133
410
369
51
287
205
164
441
400
82
41
318
277
513
195
431
72
349
308
226
185
462
421
103
62
339
216
493
452
134
93
370
329
11
247
206
483
124
401
360
42
1
278
237
514
473
155
114
391
32
268
504
186
145
422
381
63
22
299
258
176
412
94
53
330
289
207
166
443
402
84
320
238
197
474
433
115
74
351
310
228
464
146
105
382
341
23
259
218
495
454
136
372
13
290
249
485
167
126
403
362
44
3
280
516
157
434
393
75
34
311
270
506
188
147
424
65
301
219
178
455
414
96
55
332
291
209
486
445
127
86
363
322
4
240
199
476
117
353
35
271
230
507
466
148
107
384
343
25
261
497
179
138
415
374
56
15
292
251
487
169
405
46
323
282
200
159
436
395
77
36
313
190
467
426
108
67
344
303
221
457
98
375
334
16
252
211
488
447
129
88
365
6
242
478
160
119
396
355
37
273
232
509
150
386
68
27
304
263
499
181
140
417
376
58
294
212
171
448
407
89
48
325
284
202
438
120
79
356
315
233
192
469
428
110
346
264
223
500
459
141
100
377
336
18
254
490
131
408
367
49
8
285
244
480
162
121
398
39
275
511
193
152
429
388
70
29
306
183
460
419
101
60
337
296
214
173
450
91
327
9
245
204
481
440
122
81
358
317
235
471
153
112
389
348
30
266
225
502
461
143
379
20
297
256
492
174
133
410
369
51
287
205
164
441
400
82
41
318
277
513
195
431
72
349
308
226
185
462
421
103
62
339
216
493
452
134
93
370
329
11
247
206
483
124
360
42
1
278
237
514
473
155
114
391
32
268
504
186
145
422
381
63
22
299
258
176
412
94
53
330
289
207
166
443
402
84
320
238
197
474
433
115
74
351
310
228
464
105
382
341
23
259
218
495
454
136
372
13
290
249
485
167
126
403
362
44
3
280
516
157
434
393
75
34
311
270
506
188
147
424
65
301
219
178
455
414
96
55
332
291
209
445
127
86
363
322
4
240
199
476
117
353
35
271
230
507
466
148
107
384
343
25
261
497
179
138
415
374
56
15
292
251
487
169
405
46
323
282
200
159
436
395
77
36
313
190
467
426
108
67
344
303
221
180
457
98
375
334
16
252
211
488
447
129
88
365
6
242
478
160
119
396
355
37
273
232
509
150
386
68
27
304
263
499
181
140
417
376
58
294
212
171
448
407
89
48
325
284
202
438
120
79
356
315
233
192
469
428
110
346
264
223
500
459
141
100
377
336
18
254
490
131
408
367
49
8
285
244
480
162
121
398
39
275
511
193
152
429
388
70
29
306
265
183
460
419
101
60
337
296
214
173
450
91
327
9
245
204
481
440
122
81
358
317
235
471
153
112
389
348
30
266
225
502
461
143
379
20
297
256
492
174
133
410
369
51
10
287
164
441
400
82
41
318
277
513
195
431
72
349
308
226
185
462
421
103
62
339
216
493
452
134
93
370
329
11
247
206
483
124
360
42
1
278
237
514
473
155
114
391
350
32
268
504
186
145
422
381
63
22
299
258
176
412
94
53
330
289
207
166
443
402
84
320
238
197
474
433
115
74
351
310
228
464
105
382
341
23
259
218
495
454
136
95
372
13
249
485
167
126
403
362
44
3
280
516
157
434
393
75
34
311
270
506
188
147
424
65
301
219
178
455
414
96
55
332
291
209
445
127
86
363
322
4
240
199
476
435
117
353
271
230
507
466
148
107
384
343
25
261
497
179
138
415
374
56
15
292
251
487
169
405
46
323
282
200
159
436
395
77
36
313
190
467
426
108
67
344
303
221
180
457
98
334
16
252
211
488
447
129
88
365
6
242
478
160
119
396
355
37
273
232
509
150
386
68
27
304
263
499
181
140
417
376
58
294
212
171
448
407
89
48
325
284
202
438
79
356
315
233
192
469
428
110
346
264
223
500
459
141
100
377
336
18
254
490
131
408
367
49
8
285
244
480
162
121
398
39
275
511
193
152
429
388
70
29
306
265
183
419
101
60
337
296
214
173
450
91
327
9
245
204
481
440
122
81
358
317
235
471
153
112
389
348
30
266
225
502
461
143
379
20
297
256
492
174
133
410
369
51
10
287
164
441
400
82
41
318
277
513
195
154
431
72
349
308
226
185
462
421
103
62
339
216
493
452
134
93
370
329
11
247
206
483
124
360
42
1
278
237
514
473
155
114
391
350
32
268
504
186
145
422
381
63
22
299
258
494
176
412
94
53
330
289
207
166
443
402
84
320
238
197
474
433
115
74
351
310
228
464
105
382
341
23
259
218
495
454
136
95
372
13
249
485
167
126
403
362
44
3
280
239
516
157
434
393
75
34
311
270
506
188
147
424
65
301
219
178
455
414
96
55
332
291
209
445
127
86
363
322
4
240
199
476
435
117
353
271
230
507
466
148
107
384
343
25
261
497
138
415
374
56
15
292
251
487
169
405
46
323
282
200
159
436
395
77
36
313
190
467
426
108
67
344
303
221
180
457
98
334
16
252
211
488
447
129
88
365
324
6
242
478
160
119
396
355
37
273
232
509
150
386
68
27
304
263
499
181
140
417
376
58
294
212
171
448
407
89
48
325
284
202
438
79
356
315
233
192
469
428
110
69
346
223
500
459
141
100
377
336
18
254
490
131
408
367
49
8
285
244
480
162
121
398
39
275
511
193
152
429
388
70
29
306
265
183
419
101
60
337
296
214
173
450
409
91
327
245
204
481
440
122
81
358
317
235
471
153
112
389
348
30
266
225
502
461
143
379
20
297
256
492
174
133
410
369
51
10
287
164
441
400
82
41
318
277
513
195
154
431
72
308
226
185
462
421
103
62
339
216
493
452
134
93
370
329
11
247
206
483
124
360
42
1
278
237
514
473
155
114
391
350
32
268
504
186
145
422
381
63
22
299
258
494
176
412
53
330
289
207
166
443
402
84
320
238
197
474
433
115
74
351
310
228
464
105
382
341
23
259
218
495
454
136
95
372
13
249
485
167
126
403
362
44
3
280
239
516
157
393
75
34
311
270
506
188
147
424
65
301
219
178
455
414
96
55
332
291
209
445
127
86
363
322
4
240
199
476
435
117
353
271
230
507
466
148
107
384
343
25
261
497
138
415
374
56
15
292
251
487
169
128
405
46
323
282
200
159
436
395
77
36
313
190
467
426
108
67
344
303
221
180
457
98
334
16
252
211
488
447
129
88
365
324
6
242
478
160
119
396
355
37
273
232
509
468
150
386
68
27
304
263
499
181
140
417
376
58
294
212
171
448
407
89
48
325
284
202
438
79
356
315
233
192
469
428
110
69
346
223
500
459
141
100
377
336
18
254
213
490
131
408
367
49
8
285
244
480
162
121
398
39
275
511
193
152
429
388
70
29
306
265
183
419
101
60
337
296
214
173
450
409
91
327
245
204
481
440
122
81
358
317
235
471
112
389
348
30
266
225
502
461
143
379
20
297
256
492
174
133
410
369
51
10
287
164
441
400
82
41
318
277
513
195
154
431
72
308
226
185
462
421
103
62
339
298
216
452
134
93
370
329
11
247
206
483
124
360
42
1
278
237
514
473
155
114
391
350
32
268
504
186
145
422
381
63
22
299
258
494
176
412
53
330
289
207
166
443
402
84
43
320
197
474
433
115
74
351
310
228
464
105
382
341
23
259
218
495
454
136
95
372
13
249
485
167
126
403
362
44
3
280
239
516
157
393
75
34
311
270
506
188
147
424
383
65
301
219
178
455
414
96
55
332
291
209
445
127
86
363
322
4
240
199
476
435
117
353
271
230
507
466
148
107
384
343
25
261
497
138
415
374
56
15
292
251
487
169
128
405
46
282
200
159
436
395
77
36
313
190
467
426
108
67
344
303
221
180
457
98
334
16
252
211
488
447
129
88
365
324
6
242
478
160
119
396
355
37
273
232
509
468
150
386
27
304
263
499
181
140
417
376
58
294
212
171
448
407
89
48
325
284
202
438
79
356
315
233
192
469
428
110
69
346
223
500
459
141
100
377
336
18
254
213
490
131
367
49
8
285
244
480
162
121
398
39
275
511
193
152
429
388
70
29
306
265
183
419
101
60
337
296
214
173
450
409
91
327
245
204
481
440
122
81
358
317
235
471
112
389
348
30
266
225
502
461
143
102
379
20
297
256
492
174
133
410
369
51
10
287
164
441
400
82
41
318
277
513
195
154
431
72
308
226
185
462
421
103
62
339
298
216
452
134
93
370
329
11
247
206
483
442
124
360
42
1
278
237
514
473
155
114
391
350
32
268
504
186
145
422
381
63
22
299
258
494
176
412
53
330
289
207
166
443
402
84
43
320
197
474
433
115
74
351
310
228
187
464
105
382
341
23
259
218
495
454
136
95
372
13
249
485
167
126
403
362
44
3
280
239
516
157
393
75
34
311
270
506
188
147
424
383
65
301
219
178
455
414
96
55
332
291
209
445
86
363
322
4
240
199
476
435
117
353
271
230
507
466
148
107
384
343
25
261
497
138
415
374
56
15
292
251
487
169
128
405
46
282
200
159
436
395
77
36
313
272
190
426
108
67
344
303
221
180
457
98
334
16
252
211
488
447
129
88
365
324
6
242
478
160
119
396
355
37
273
232
509
468
150
386
27
304
263
499
181
140
417
376
58
17
294
171
448
407
89
48
325
284
202
438
79
356
315
233
192
469
428
110
69
346
223
500
459
141
100
377
336
18
254
213
490
131
367
49
8
285
244
480
162
121
398
357
39
275
511
193
152
429
388
70
29
306
265
183
419
101
60
337
296
214
173
450
409
91
327
245
204
481
440
122
81
358
317
235
471
112
389
348
30
266
225
502
461
143
102
379
20
256
492
174
133
410
369
51
10
287
164
441
400
82
41
318
277
513
195
154
431
72
308
226
185
462
421
103
62
339
298
216
452
134
93
370
329
11
247
206
483
442
124
360
1
278
237
514
473
155
114
391
350
32
268
504
186
145
422
381
63
22
299
258
494
176
412
53
330
289
207
166
443
402
84
43
320
197
474
433
115
74
351
310
228
187
464
105
341
23
259
218
495
454
136
95
372
13
249
485
167
126
403
362
44
3
280
239
516
157
393
75
34
311
270
506
188
147
424
383
65
301
219
178
455
414
96
55
332
291
209
445
86
363
322
4
240
199
476
435
117
76
353
271
230
507
466
148
107
384
343
25
261
497
138
415
374
56
15
292
251
487
169
128
405
46
282
200
159
436
395
77
36
313
272
190
426
108
67
344
303
221
180
457
416
98
334
16
252
211
488
447
129
88
365
324
6
242
478
160
119
396
355
37
273
232
509
468
150
386
27
304
263
499
181
140
417
376
58
17
294
171
448
407
89
48
325
284
202
161
438
79
356
315
233
192
469
428
110
69
346
223
500
459
141
100
377
336
18
254
213
490
131
367
49
8
285
244
480
162
121
398
357
39
275
511
193
152
429
388
70
29
306
265
501
183
419
60
337
296
214
173
450
409
91
327
245
204
481
440
122
81
358
317
235
471
112
389
348
30
266
225
502
461
143
102
379
20
256
492
174
133
410
369
51
10
287
246
164
400
82
41
318
277
513
195
154
431
72
308
226
185
462
421
103
62
339
298
216
452
134
93
370
329
11
247
206
483
442
124
360
1
278
237
514
473
155
114
391
350
32
268
504
145
422
381
63
22
299
258
494
176
412
53
330
289
207
166
443
402
84
43
320
197
474
433
115
74
351
310
228
187
464
105
341
23
259
218
495
454
136
95
372
331
13
249
485
167
126
403
362
44
3
280
239
516
157
393
75
34
311
270
506
188
147
424
383
65
301
219
178
455
414
96
55
332
291
209
445
86
363
322
4
240
199
476
435
117
76
353
230
507
466
148
107
384
343
25
261
497
138
415
374
56
15
292
251
487
169
128
405
46
282
200
159
436
395
77
36
313
272
190
426
108
67
344
303
221
180
457
416
98
334
252
211
488
447
129
88
365
324
6
242
478
160
119
396
355
37
273
232
509
468
150
386
27
304
263
499
181
140
417
376
58
17
294
171
448
407
89
48
325
284
202
161
438
79
315
233
192
469
428
110
69
346
223
500
459
141
100
377
336
18
254
213
490
131
367
49
8
285
244
480
162
121
398
357
39
275
511
193
152
429
388
70
29
306
265
501
183
419
60
337
296
214
173
450
409
91
50
327
245
204
481
440
122
81
358
317
235
471
112
389
348
30
266
225
502
461
143
102
379
20
256
492
174
133
410
369
51
10
287
246
164
400
82
41
318
277
513
195
154
431
390
72
308
226
185
462
421
103
62
339
298
216
452
134
93
370
329
11
247
206
483
442
124
360
1
278
237
514
473
155
114
391
350
32
268
504
145
422
381
63
22
299
258
494
176
135
412
53
330
289
207
166
443
402
84
43
320
197
474
433
115
74
351
310
228
187
464
105
341
23
259
218
495
454
136
95
372
331
13
249
485
167
126
403
362
44
3
280
239
516
475
157
393
34
311
270
506
188
147
424
383
65
301
219
178
455
414
96
55
332
291
209
445
86
363
322
4
240
199
476
435
117
76
353
230
507
466
148
107
384
343
25
261
220
497
138
374
56
15
292
251
487
169
128
405
46
282
200
159
436
395
77
36
313
272
190
426
108
67
344
303
221
180
457
416
98
334
252
211
488
447
129
88
365
324
6
242
478
119
396
355
37
273
232
509
468
150
386
27
304
263
499
181
140
417
376
58
17
294
171
448
407
89
48
325
284
202
161
438
79
315
233
192
469
428
110
69
346
305
223
459
141
100
377
336
18
254
213
490
131
367
49
8
285
244
480
162
121
398
357
39
275
511
193
152
429
388
70
29
306
265
501
183
419
60
337
296
214
173
450
409
91
50
327
204
481
440
122
81
358
317
235
471
112
389
348
30
266
225
502
461
143
102
379
20
256
492
174
133
410
369
51
10
287
246
164
400
82
41
318
277
513
195
154
431
390
72
308
226
185
462
421
103
62
339
298
216
452
134
93
370
329
11
247
206
483
442
124
360
1
278
237
514
473
155
114
391
350
32
268
504
145
422
381
63
22
299
258
494
176
135
412
53
289
207
166
443
402
84
43
320
197
474
433
115
74
351
310
228
187
464
105
341
23
259
218
495
454
136
95
372
331
13
249
485
167
126
403
362
44
3
280
239
516
475
157
393
34
311
270
506
188
147
424
383
65
24
301
219
178
455
414
96
55
332
291
209
445
86
363
322
4
240
199
476
435
117
76
353
230
507
466
148
107
384
343
25
261
220
497
138
374
56
15
292
251
487
169
128
405
364
46
282
200
159
436
395
77
36
313
272
190
426
108
67
344
303
221
180
457
416
98
334
252
211
488
447
129
88
365
324
6
242
478
119
396
355
37
273
232
509
468
150
109
386
27
304
263
499
181
140
417
376
58
17
294
171
448
407
89
48
325
284
202
161
438
79
315
233
192
469
428
110
69
346
305
223
459
141
100
377
336
18
254
213
490
449
131
367
8
285
244
480
162
121
398
357
39
275
511
193
152
429
388
70
29
306
265
501
183
419
60
337
296
214
173
450
409
91
50
327
204
481
440
122
81
358
317
235
194
471
112
348
30
266
225
502
461
143
102
379
20
256
492
174
133
410
369
51
10
287
246
164
400
82
41
318
277
513
195
154
431
390
72
308
226
185
462
421
103
62
339
298
216
452
93
370
329
11
247
206
483
442
124
360
1
278
237
514
473
155
114
391
350
32
268
504
145
422
381
63
22
299
258
494
176
135
412
53
289
207
166
443
402
84
43
320
279
197
433
115
74
351
310
228
187
464
105
341
23
259
218
495
454
136
95
372
331
13
249
485
167
126
403
362
44
3
280
239
516
475
157
393
34
311
270
506
188
147
424
383
65
24
301
178
455
414
96
55
332
291
209
445
86
363
322
4
240
199
476
435
117
76
353
230
507
466
148
107
384
343
25
261
220
497
138
374
56
15
292
251
487
169
128
405
364
46
282
200
159
436
395
77
36
313
272
190
426
108
67
344
303
221
180
457
416
98
334
252
211
488
447
129
88
365
324
6
242
478
119
396
355
37
273
232
509
468
150
109
386
27
263
499
181
140
417
376
58
17
294
171
448
407
89
48
325
284
202
161
438
79
315
233
192
469
428
110
69
346
305
223
459
141
100
377
336
18
254
213
490
449
131
367
8
285
244
480
162
121
398
357
39
275
511
193
152
429
388
70
29
306
265
501
183
419
60
337
296
214
173
450
409
91
50
327
204
481
440
122
81
358
317
235
194
471
112
348
30
266
225
502
461
143
102
379
338
20
256
492
174
133
410
369
51
10
287
246
164
400
82
41
318
277
513
195
154
431
390
72
308
226
185
462
421
103
62
339
298
216
452
93
370
329
11
247
206
483
442
124
83
360
1
278
237
514
473
155
114
391
350
32
268
504
145
422
381
63
22
299
258
494
176
135
412
53
289
207
166
443
402
84
43
320
279
197
433
115
74
351
310
228
187
464
423
105
341
259
218
495
454
136
95
372
331
13
249
485
167
126
403
362
44
3
280
239
516
475
157
393
34
311
270
506
188
147
424
383
65
24
301
178
455
414
96
55
332
291
209
168
445
86
322
4
240
199
476
435
117
76
353
230
507
466
148
107
384
343
25
261
220
497
138
374
56
15
292
251
487
169
128
405
364
46
282
200
159
436
395
77
36
313
272
508
190
426
67
344
303
221
180
457
416
98
334
252
211
488
447
129
88
365
324
6
242
478
119
396
355
37
273
232
509
468
150
109
386
27
263
499
181
140
417
376
58
17
294
253
171
407
89
48
325
284
202
161
438
79
315
233
192
469
428
110
69
346
305
223
459
141
100
377
336
18
254
213
490
449
131
367
8
285
244
480
162
121
398
357
39
275
511
152
429
388
70
29
306
265
501
183
419
60
337
296
214
173
450
409
91
50
327
204
481
440
122
81
358
317
235
194
471
112
348
30
266
225
502
461
143
102
379
338
20
256
492
174
133
410
369
51
10
287
246
164
400
82
41
318
277
513
195
154
431
390
72
308
226
185
462
421
103
62
339
298
216
452
93
370
329
11
247
206
483
442
124
83
360
1
237
514
473
155
114
391
350
32
268
504
145
422
381
63
22
299
258
494
176
135
412
53
289
207
166
443
402
84
43
320
279
197
433
115
74
351
310
228
187
464
423
105
341
259
218
495
454
136
95
372
331
13
249
485
167
126
403
362
44
3
280
239
516
475
157
393
34
311
270
506
188
147
424
383
65
24
301
178
455
414
96
55
332
291
209
168
445
86
322
4
240
199
476
435
117
76
353
312
230
507
466
148
107
384
343
25
261
220
497
138
374
56
15
292
251
487
169
128
405
364
46
282
200
159
436
395
77
36
313
272
508
190
426
67
344
303
221
180
457
416
98
57
334
252
211
488
447
129
88
365
324
6
242
478
119
396
355
37
273
232
509
468
150
109
386
27
263
499
181
140
417
376
58
17
294
253
171
407
89
48
325
284
202
161
438
397
79
315
233
192
469
428
110
69
346
305
223
459
141
100
377
336
18
254
213
490
449
131
367
8
285
244
480
162
121
398
357
39
275
511
152
429
388
70
29
306
265
501
183
142
419
60
296
214
173
450
409
91
50
327
204
481
440
122
81
358
317
235
194
471
112
348
30
266
225
502
461
143
102
379
338
20
256
492
174
133
410
369
51
10
287
246
482
164
400
41
318
277
513
195
154
431
390
72
308
226
185
462
421
103
62
339
298
216
452
93
370
329
11
247
206
483
442
124
83
360
1
237
514
473
155
114
391
350
32
268
227
504
145
381
63
22
299
258
494
176
135
412
53
289
207
166
443
402
84
43
320
279
197
433
115
74
351
310
228
187
464
423
105
341
259
218
495
454
136
95
372
331
13
249
485
126
403
362
44
3
280
239
516
475
157
393
34
311
270
506
188
147
424
383
65
24
301
178
455
414
96
55
332
291
209
168
445
86
322
4
240
199
476
435
117
76
353
312
230
466
148
107
384
343
25
261
220
497
138
374
56
15
292
251
487
169
128
405
364
46
282
200
159
436
395
77
36
313
272
508
190
426
67
344
303
221
180
457
416
98
57
334
211
488
447
129
88
365
324
6
242
478
119
396
355
37
273
232
509
468
150
109
386
27
263
499
181
140
417
376
58
17
294
253
171
407
89
48
325
284
202
161
438
397
79
315
233
192
469
428
110
69
346
305
223
459
141
100
377
336
18
254
213
490
449
131
367
8
285
244
480
162
121
398
357
39
275
511
152
429
388
70
29
306
265
501
183
142
419
60
296
214
173
450
409
91
50
327
286
204
481
440
122
81
358
317
235
194
471
112
348
30
266
225
502
461
143
102
379
338
20
256
492
174
133
410
369
51
10
287
246
482
164
400
41
318
277
513
195
154
431
390
72
31
308
226
185
462
421
103
62
339
298
216
452
93
370
329
11
247
206
483
442
124
83
360
1
237
514
473
155
114
391
350
32
268
227
504
145
381
63
22
299
258
494
176
135
412
371
53
289
207
166
443
402
84
43
320
279
197
433
115
74
351
310
228
187
464
423
105
341
259
218
495
454
136
95
372
331
13
249
485
126
403
362
44
3
280
239
516
475
157
116
393
34
270
506
188
147
424
383
65
24
301
178
455
414
96
55
332
291
209
168
445
86
322
4
240
199
476
435
117
76
353
312
230
466
148
107
384
343
25
261
220
497
456
138
374
15
292
251
487
169
128
405
364
46
282
200
159
436
395
77
36
313
272
508
190
426
67
344
303
221
180
457
416
98
57
334
211
488
447
129
88
365
324
6
242
201
478
119
355
37
273
232
509
468
150
109
386
27
263
499
181
140
417
376
58
17
294
253
171
407
89
48
325
284
202
161
438
397
79
315
233
192
469
428
110
69
346
305
223
459
100
377
336
18
254
213
490
449
131
367
8
285
244
480
162
121
398
357
39
275
511
152
429
388
70
29
306
265
501
183
142
419
60
296
214
173
450
409
91
50
327
286
204
440
122
81
358
317
235
194
471
112
348
30
266
225
502
461
143
102
379
338
20
256
492
174
133
410
369
51
10
287
246
482
164
400
41
318
277
513
195
154
431
390
72
31
308
185
462
421
103
62
339
298
216
452
93
370
329
11
247
206
483
442
124
83
360
1
237
514
473
155
114
391
350
32
268
227
504
145
381
63
22
299
258
494
176
135
412
371
53
289
207
166
443
402
84
43
320
279
515
197
433
115
74
351
310
228
187
464
423
105
341
259
218
495
454
136
95
372
331
13
249
485
126
403
362
44
3
280
239
516
475
157
116
393
34
270
506
188
147
424
383
65
24
301
260
178
455
414
96
55
332
291
209
168
445
86
322
4
240
199
476
435
117
76
353
312
230
466
148
107
384
343
25
261
220
497
456
138
374
15
292
251
487
169
128
405
364
46
5
282
200
159
436
395
77
36
313
272
508
190
426
67
344
303
221
180
457
416
98
57
334
211
488
447
129
88
365
324
6
242
201
478
119
355
37
273
232
509
468
150
109
386
345
27
263
499
181
140
417
376
58
17
294
253
171
407
89
48
325
284
202
161
438
397
79
315
233
192
469
428
110
69
346
305
223
459
100
377
336
18
254
213
490
449
131
90
367
8
244
480
162
121
398
357
39
275
511
152
429
388
70
29
306
265
501
183
142
419
60
296
214
173
450
409
91
50
327
286
204
440
122
81
358
317
235
194
471
430
112
348
266
225
502
461
143
102
379
338
20
256
492
174
133
410
369
51
10
287
246
482
164
400
41
318
277
513
195
154
431
390
72
31
308
185
462
421
103
62
339
298
216
175
452
93
329
11
247
206
483
442
124
83
360
1
237
514
473
155
114
391
350
32
268
227
504
145
381
63
22
299
258
494
176
135
412
371
53
289
207
166
443
402
84
43
320
279
515
197
433
74
351
310
228
187
464
423
105
341
259
218
495
454
136
95
372
331
13
249
485
126
403
362
44
3
280
239
516
475
157
116
393
34
270
506
188
147
424
383
65
24
301
260
178
414
96
55
332
291
209
168
445
86
322
4
240
199
476
435
117
76
353
312
230
466
148
107
384
343
25
261
220
497
456
138
374
15
292
251
487
169
128
405
364
46
5
282
159
436
395
77
36
313
272
508
190
426
67
344
303
221
180
457
416
98
57
334
211
488
447
129
88
365
324
6
242
201
478
119
355
37
273
232
509
468
150
109
386
345
27
263
499
181
140
417
376
58
17
294
253
489
171
407
89
48
325
284
202
161
438
397
79
315
233
192
469
428
110
69
346
305
223
459
100
377
336
18
254
213
490
449
131
90
367
8
244
480
162
121
398
357
39
275
234
511
152
429
388
70
29
306
265
501
183
142
419
60
296
214
173
450
409
91
50
327
286
204
440
122
81
358
317
235
194
471
430
112
348
266
225
502
461
143
102
379
338
20
256
492
174
133
410
369
51
10
287
246
482
164
400
41
318
277
513
195
154
431
390
72
31
308
185
462
421
103
62
339
298
216
175
452
93
329
11
247
206
483
442
124
83
360
319
1
237
473
155
114
391
350
32
268
227
504
145
381
63
22
299
258
494
176
135
412
371
53
289
207
166
443
402
84
43
320
279
515
197
433
74
351
310
228
187
464
423
105
64
341
218
495
454
136
95
372
331
13
249
485
126
403
362
44
3
280
239
516
475
157
116
393
34
270
506
188
147
424
383
65
24
301
260
178
414
96
55
332
291
209
168
445
404
86
322
240
199
476
435
117
76
353
312
230
466
148
107
384
343
25
261
220
497
456
138
374
15
292
251
487
169
128
405
364
46
5
282
159
436
395
77
36
313
272
508
190
149
426
67
303
221
180
457
416
98
57
334
211
488
447
129
88
365
324
6
242
201
478
119
355
37
273
232
509
468
150
109
386
345
27
263
499
181
140
417
376
58
17
294
253
489
171
407
48
325
284
202
161
438
397
79
315
233
192
469
428
110
69
346
305
223
459
100
377
336
18
254
213
490
449
131
90
367
8
244
480
162
121
398
357
39
275
234
511
152
388
70
29
306
265
501
183
142
419
60
296
214
173
450
409
91
50
327
286
204
440
122
81
358
317
235
194
471
430
112
348
266
225
502
461
143
102
379
338
20
256
492
133
410
369
51
10
287
246
482
164
400
41
318
277
513
195
154
431
390
72
31
308
185
462
421
103
62
339
298
216
175
452
93
329
11
247
206
483
442
124
83
360
319
1
237
473
155
114
391
350
32
268
227
504
463
145
381
63
22
299
258
494
176
135
412
371
53
289
207
166
443
402
84
43
320
279
515
197
433
74
351
310
228
187
464
423
105
64
341
218
495
454
136
95
372
331
13
249
208
485
126
403
362
44
3
280
239
516
475
157
116
393
34
270
506
188
147
424
383
65
24
301
260
178
414
96
55
332
291
209
168
445
404
86
322
240
199
476
435
117
76
353
312
230
466
148
107
384
343
25
261
220
497
456
138
374
15
292
251
487
169
128
405
364
46
5
282
159
436
395
77
36
313
272
508
190
149
426
67
303
221
180
457
416
98
57
334
293
211
447
129
88
365
324
6
242
201
478
119
355
37
273
232
509
468
150
109
386
345
27
263
499
181
140
417
376
58
17
294
253
489
171
407
48
325
284
202
161
438
397
79
38
315
192
469
428
110
69
346
305
223
459
100
377
336
18
254
213
490
449
131
90
367
8
244
480
162
121
398
357
39
275
234
511
152
388
70
29
306
265
501
183
142
419
378
60
296
214
173
450
409
91
50
327
286
204
440
122
81
358
317
235
194
471
430
112
348
266
225
502
461
143
102
379
338
20
256
492
133
410
369
51
10
287
246
482
164
123
400
41
277
513
195
154
431
390
72
31
308
185
462
421
103
62
339
298
216
175
452
93
329
11
247
206
483
442
124
83
360
319
1
237
473
155
114
391
350
32
268
227
504
463
145
381
22
299
258
494
176
135
412
371
53
289
207
166
443
402
84
43
320
279
515
197
433
74
351
310
228
187
464
423
105
64
341
218
495
454
136
95
372
331
13
249
208
485
126
362
44
3
280
239
516
475
157
116
393
34
270
506
188
147
424
383
65
24
301
260
178
414
96
55
332
291
209
168
445
404
86
322
240
199
476
435
117
76
353
312
230
466
107
384
343
25
261
220
497
456
138
374
15
292
251
487
169
128
405
364
46
5
282
159
436
395
77
36
313
272
508
190
149
426
67
303
221
180
457
416
98
57
334
293
211
447
129
88
365
324
6
242
201
478
437
119
355
37
273
232
509
468
150
109
386
345
27
263
499
181
140
417
376
58
17
294
253
489
171
407
48
325
284
202
161
438
397
79
38
315
192
469
428
110
69
346
305
223
182
459
100
377
336
18
254
213
490
449
131
90
367
8
244
480
162
121
398
357
39
275
234
511
152
388
70
29
306
265
501
183
142
419
378
60
296
214
173
450
409
91
50
327
286
204
440
122
81
358
317
235
194
471
430
112
348
266
225
502
461
143
102
379
338
20
256
492
133
410
369
51
10
287
246
482
164
123
400
41
277
513
195
154
431
390
72
31
308
267
185
421
103
62
339
298
216
175
452
93
329
11
247
206
483
442
124
83
360
319
1
237
473
155
114
391
350
32
268
227
504
463
145
381
22
299
258
494
176
135
412
371
53
12
289
166
443
402
84
43
320
279
515
197
433
74
351
310
228
187
464
423
105
64
341
218
495
454
136
95
372
331
13
249
208
485
126
362
44
3
280
239
516
475
157
116
393
352
34
270
506
188
147
424
383
65
24
301
260
178
414
96
55
332
291
209
168
445
404
86
322
240
199
476
435
117
76
353
312
230
466
107
384
343
25
261
220
497
456
138
97
374
15
251
487
169
128
405
364
46
5
282
159
436
395
77
36
313
272
508
190
149
426
67
303
221
180
457
416
98
57
334
293
211
447
129
88
365
324
6
242
201
478
437
119
355
273
232
509
